* LIGAND DATABASE FILE (OPLS2005)
*
ABS      48    51     88    135     242
    1     0 M   S    _S1_     3    6.668707   97.710591 -168.867561
    2     1 M   CDX  _C1_     4    1.793380   30.616129 -126.183229
    3     2 M   NI   _N1_     1    1.289780  116.508020 -152.980454
    4     1 M   CA   _C3_     7    1.774777   65.399864   19.797237
    5     2 M   NE   _N3_     5    1.392810  109.680700   27.714411
    6     5 M   CA   _C2_     6    1.408400  114.655550    3.707461
    7     6 M   CA   _C4_     8    1.397380  126.863430  177.112960
    8     4 M   CA   _C7_    11    1.390060  128.147536  165.694653
    9     7 M   CA   _C5_     9    1.397660  119.037600 -179.812330
   10     7 M   HA   _H1_    33    1.085530  120.889500   -1.049780
   11     9 M   CA   _C6_    10    1.395780  121.313160    0.034260
   12     9 M   HA   _H2_    34    1.084880  120.521790  178.324150
   13     8 M   HA   _H3_    35    1.084770  121.962070    0.869603
   14     3 S   NI   _N2_     2    1.395780  119.053838 -172.634553
   15    14 S   CDX  _C10    19    1.293390  111.556200 -173.142847
   16    15 S   S    _S3_    18    1.788990  126.139390    2.720450
   17    15 S   NE   _N4_    20    1.383500  123.160850 -177.460630
   18    16 S   CA   _C12    22    1.783895   90.366050 -179.051650
   19    17 S   CA   _C11    21    1.402550  114.849480  177.994450
   20    17 S   CT   _C17    31    1.457010  121.245790    2.946630
   21    19 S   CA   _C13    23    1.396940  127.084050 -178.594860
   22    18 S   CA   _C16    26    1.390920  127.927771 -179.325500
   23    20 S   CT   _C18    32    1.531920  113.041500   90.289820
   24    20 S   HC   _H11    43    1.091840  107.017850  -31.171990
   25    20 S   HC   _H12    44    1.095150  107.810520 -146.917980
   26    21 S   CA   _C14    24    1.397110  118.825440 -178.264600
   27    21 S   HA   _H8_    40    1.086190  120.911410    1.545100
   28    22 S   CA   _C15    25    1.399396  119.107881 -179.817771
   29    22 S   HA   _H10    42    1.084910  121.874440    1.334032
   30    23 S   HC   _H13    45    1.096100  110.405430  179.633090
   31    23 S   HC   _H14    46    1.094150  111.072750   59.385060
   32    23 S   HC   _H15    47    1.093260  110.080340  -60.710060
   33    26 S   HA   _H9_    41    1.084860  120.588690  178.685970
   34    28 S   SY   _S4_    27    1.829660  120.210432  177.942266
   35    34 S   OY   _O4_    28    1.487380  104.158980  -87.594559
   36    34 S   OY   _O5_    29    1.488720  103.747870  152.706891
   37    34 S   OY   _O6_    30    1.487360  103.819180   32.436791
   38    11 S   SY   _S2_    12    1.829520  120.219360 -178.854310
   39    38 S   OY   _O1_    13    1.487510  103.785820 -149.769790
   40    38 S   OY   _O2_    14    1.487360  104.222220   90.252360
   41    38 S   OY   _O3_    15    1.488410  103.726150  -29.495960
   42     5 S   CT   _C8_    16    1.464880  124.280920 -171.351649
   43    42 S   CT   _C9_    17    1.530080  113.255520  -98.530310
   44    42 S   HC   _H4_    36    1.096050  107.032900  139.161700
   45    42 S   HC   _H5_    37    1.088040  107.650930   22.960220
   46    43 S   HC   _H6_    38    1.096630  110.141700 -176.151370
   47    43 S   HC   _H7_    39    1.094090  111.503640  -55.984700
   48    43 S   HC   _H16    48    1.092680  109.562020   64.510740
  11  12   8  10  13  11   7   8   8   2   6   1   1   6  10   8  13
   9  11   7   6   8   5   4   3   8   2   6   1   2   1   1   1
   3   2   1   1   3   2   1   1   6   5   4   3   2   1   1
     3    14     2     5     6     4     7    11     8    42    13
     3    14     5     6     4     7     8    42    43    15    44    45
    14     5     6     4    42    16    15    17
     5     6    42     7     9    11     8    38    10    13
    14     6     7     9     8    42    43    10    44    45    46    47    48
     7     9    11     8    42    43    10    12    13    44    45
    42     9    11     8    38    10    12
     9    12    38    39    40    41    13    11
    10    11    38    39    40    41    12    13
    12    11
    12    13    38    39    40    41
    38
    38
    16    15    17    19    18    20
    17    19    18    21    22    20    23    24    25    16
    17    19    18    21    28    22    20    29
    19    18    21    26    22    20    23    27    24    25    30    31    32
    19    20    21    26    28    22    34    27    29
    21    26    28    22    20    23    27    33    29    24    25
    23    24    25    30    31    32    21
    26    28    22    34    27    33
    26    33    34    35    36    37    29    28
    24    25    30    31    32
    25    30    31    32
    30    31    32
    27    28    34    35    36    37    33    29
    33    28
    33    29    34    35    36    37
    34
    31    32
    32
     0
    34
    35    36    37
    36    37
    37
     0
    39    40    41
    40    41
    41
     0
    43    44    45    46    47    48
    44    45    46    47    48
    45    46    47    48
    46    47    48
    47    48
    48
     0
NBON
     1   3.6000   0.3550  -0.123230   2.0300   1.8000   0.025682759  -1.666211680
     2   3.7500   0.1050   0.122190   2.0020   1.7750   0.023028004  -0.852763146
     3   3.2800   0.1700  -0.260020   1.8540   1.6400   0.005000000   0.000000000
     4   3.5500   0.0700   0.032190   2.5000   1.7750   0.001000000  -0.843144165
     5   3.2500   0.1700  -0.034040   1.9050   1.6860   0.051222218  -2.220205820
     6   3.5500   0.0700   0.068710   2.5000   1.7750   0.001000000  -0.843144165
     7   3.5500   0.0700  -0.246480   2.0020   1.7750   0.001000000  -0.843144165
     8   3.5500   0.0700  -0.131790   2.0020   1.7750   0.001000000  -0.843144165
     9   3.5500   0.0700  -0.032820   2.0020   1.7750   0.001000000  -0.843144165
    10   2.4200   0.0300   0.129770   1.3810   1.2100   0.030040813   0.268726247
    11   3.5500   0.0700  -0.108600   2.5000   1.7750   0.001000000  -0.843144165
    12   2.4200   0.0300   0.097930   1.3810   1.2100   0.030040813   0.268726247
    13   2.4200   0.0300   0.178740   1.3810   1.2100   0.030040813   0.268726247
    14   3.2800   0.1700  -0.071260   1.8540   1.6400   0.005000000   0.000000000
    15   3.7500   0.1050   0.091010   2.0020   1.7750   0.023028004  -0.852763146
    16   3.6000   0.3550  -0.130740   2.0300   1.8000   0.025682759  -1.666211680
    17   3.2500   0.1700  -0.158550   1.9050   1.6860   0.051222218  -2.220205820
    18   3.5500   0.0700   0.065540   2.5000   1.7750   0.001000000  -0.843144165
    19   3.5500   0.0700   0.168120   2.5000   1.7750   0.001000000  -0.843144165
    20   3.5000   0.0660   0.193770   1.9750   1.7500   0.005000000  -0.741685710
    21   3.5500   0.0700  -0.322740   2.0020   1.7750   0.001000000  -0.843144165
    22   3.5500   0.0700  -0.171880   2.0020   1.7750   0.001000000  -0.843144165
    23   3.5000   0.0660  -0.190770   1.9750   1.7500   0.005000000  -0.741685710
    24   2.5000   0.0150  -0.014440   1.4250   1.2500   0.008598240   0.268726247
    25   2.5000   0.0150   0.001180   1.4250   1.2500   0.008598240   0.268726247
    26   3.5500   0.0700  -0.013470   2.0020   1.7750   0.001000000  -0.843144165
    27   2.4200   0.0300   0.145960   1.3810   1.2100   0.030040813   0.268726247
    28   3.5500   0.0700  -0.107610   2.5000   1.7750   0.001000000  -0.843144165
    29   2.4200   0.0300   0.188140   1.3810   1.2100   0.030040813   0.268726247
    30   2.5000   0.0300   0.032340   1.4250   1.2500   0.008598240   0.268726247
    31   2.5000   0.0300   0.056660   1.4250   1.2500   0.008598240   0.268726247
    32   2.5000   0.0300   0.058910   1.4250   1.2500   0.008598240   0.268726247
    33   2.4200   0.0300   0.099240   1.3810   1.2100   0.030040813   0.268726247
    34   3.5500   0.2500   0.963920   2.0025   1.7750   0.025682759  -1.666211680
    35   2.9600   0.1700  -0.603550   1.6780   1.4800   0.001000000  -0.126889456
    36   2.9600   0.1700  -0.603810   1.6780   1.4800   0.001000000  -0.126889456
    37   2.9600   0.1700  -0.609830   1.6780   1.4800   0.001000000  -0.126889456
    38   3.5500   0.2500   0.960420   2.0025   1.7750   0.025682759  -1.666211680
    39   2.9600   0.1700  -0.610140   1.6780   1.4800   0.001000000  -0.126889456
    40   2.9600   0.1700  -0.605670   1.6780   1.4800   0.001000000  -0.126889456
    41   2.9600   0.1700  -0.599210   1.6780   1.4800   0.001000000  -0.126889456
    42   3.5000   0.0660   0.180510   1.9750   1.7500   0.005000000  -0.741685710
    43   3.5000   0.0660  -0.175220   1.9750   1.7500   0.005000000  -0.741685710
    44   2.5000   0.0150  -0.019580   1.4250   1.2500   0.008598240   0.268726247
    45   2.5000   0.0150  -0.000160   1.4250   1.2500   0.008598240   0.268726247
    46   2.5000   0.0300   0.036810   1.4250   1.2500   0.008598240   0.268726247
    47   2.5000   0.0300   0.040920   1.4250   1.2500   0.008598240   0.268726247
    48   2.5000   0.0300   0.032610   1.4250   1.2500   0.008598240   0.268726247
BOND
     3    14   245.000  1.410
     3     2   650.000  1.285
    14    15   650.000  1.285
     1     2   215.000  1.812
     1     4   250.000  1.760
     2     5   445.000  1.380
     5     6   481.000  1.393
     5    42   382.000  1.448
     6     4   469.000  1.400
     6     7   469.000  1.400
     4     8   469.000  1.400
     7     9   469.000  1.400
     7    10   367.000  1.080
     9    11   469.000  1.400
     9    12   367.000  1.080
    11     8   469.000  1.400
    11    38   225.000  1.779
     8    13   367.000  1.080
    38    39   735.000  1.471
    38    40   735.000  1.471
    38    41   735.000  1.471
    42    43   268.000  1.529
    42    44   340.000  1.090
    42    45   340.000  1.090
    43    46   340.000  1.090
    43    47   340.000  1.090
    43    48   340.000  1.090
    16    15   215.000  1.812
    16    18   250.000  1.760
    15    17   445.000  1.380
    17    19   481.000  1.393
    17    20   382.000  1.448
    19    18   469.000  1.400
    19    21   469.000  1.400
    18    22   469.000  1.400
    21    26   469.000  1.400
    21    27   367.000  1.080
    26    28   469.000  1.400
    26    33   367.000  1.080
    28    22   469.000  1.400
    28    34   225.000  1.779
    22    29   367.000  1.080
    34    35   735.000  1.471
    34    36   735.000  1.471
    34    37   735.000  1.471
    20    23   268.000  1.529
    20    24   340.000  1.090
    20    25   340.000  1.090
    23    30   340.000  1.090
    23    31   340.000  1.090
    23    32   340.000  1.090
THET
     3    14    15   100.00000  108.00000
     3     2     1    65.00000  128.43400
     3     2     5    75.00000  124.36500
    14    15    16    65.00000  128.43400
    14    15    17    75.00000  124.36500
     1     2     5    85.00000  112.68500
     1     4     6    85.00000  119.40000
     1     4     8    85.00000  119.40000
     2     3    14   100.00000  108.00000
     2     5     6    50.00000  129.40000
     2     5    42    50.00000  119.50000
     5     6     4    70.00000  120.10000
     5     6     7    70.00000  120.10000
     5    42    43    80.00000  111.61500
     5    42    44    35.00000  109.50000
     5    42    45    35.00000  109.50000
     6     4     8    63.00000  120.00000
     6     7     9    63.00000  120.00000
     6     7    10    35.00000  120.00000
     4     1     2    95.00000  103.34000
     4     8    11    63.00000  120.00000
     4     8    13    35.00000  120.00000
     7     6     4    63.00000  120.00000
     7     9    11    63.00000  120.00000
     7     9    12    35.00000  120.00000
     9    11     8    63.00000  120.00000
     9    11    38    65.00000  117.06700
    11     8    13    35.00000  120.00000
    11    38    39   100.00000  107.67100
    11    38    40   100.00000  107.67100
    11    38    41   100.00000  107.67100
    38    11     8    65.00000  117.06700
    40    38    39   115.00000  120.17200
    41    38    39   115.00000  120.17200
    41    38    40   115.00000  120.17200
    42     5     6    50.00000  110.00000
    42    43    46    37.50000  110.70000
    42    43    47    37.50000  110.70000
    42    43    48    37.50000  110.70000
    16    15    17    85.00000  112.68500
    16    18    19    85.00000  119.40000
    16    18    22    85.00000  119.40000
    15    17    19    50.00000  129.40000
    15    17    20    50.00000  119.50000
    17    19    18    70.00000  120.10000
    17    19    21    70.00000  120.10000
    17    20    23    80.00000  111.61500
    17    20    24    35.00000  109.50000
    17    20    25    35.00000  109.50000
    19    18    22    63.00000  120.00000
    19    21    26    63.00000  120.00000
    19    21    27    35.00000  120.00000
    18    16    15    95.00000  103.34000
    18    22    28    63.00000  120.00000
    18    22    29    35.00000  120.00000
    21    19    18    63.00000  120.00000
    21    26    28    63.00000  120.00000
    21    26    33    35.00000  120.00000
    26    28    22    63.00000  120.00000
    26    28    34    65.00000  117.06700
    28    22    29    35.00000  120.00000
    28    34    35   100.00000  107.67100
    28    34    36   100.00000  107.67100
    28    34    37   100.00000  107.67100
    34    28    22    65.00000  117.06700
    36    34    35   115.00000  120.17200
    37    34    35   115.00000  120.17200
    37    34    36   115.00000  120.17200
    20    17    19    50.00000  110.00000
    20    23    30    37.50000  110.70000
    20    23    31    37.50000  110.70000
    20    23    32    37.50000  110.70000
    10     7     9    35.00000  120.00000
    12     9    11    35.00000  120.00000
    44    42    43    37.50000  110.70000
    45    42    43    37.50000  110.70000
    45    42    44    33.00000  107.80000
    47    43    46    33.00000  107.80000
    27    21    26    35.00000  120.00000
    33    26    28    35.00000  120.00000
    24    20    23    37.50000  110.70000
    25    20    23    37.50000  110.70000
    25    20    24    33.00000  107.80000
    31    23    30    33.00000  107.80000
    32    23    30    33.00000  107.80000
    32    23    31    33.00000  107.80000
    48    43    46    33.00000  107.80000
    48    43    47    33.00000  107.80000
PHI
     3    14    15    16   6.00000 -1.0 2.0
     3    14    15    17   6.00000 -1.0 2.0
     3     2     5     6  -1.45100  1.0 1.0
     3     2     5     6   1.83200 -1.0 2.0
     3     2     5    42  -0.86000  1.0 1.0
     3     2     5    42   1.00000 -1.0 2.0
    14     3     2     1   6.00000 -1.0 2.0
    14     3     2     5   6.00000 -1.0 2.0
    14    15    17    19  -1.45100  1.0 1.0
    14    15    17    19   1.83200 -1.0 2.0
    14    15    17    20  -0.86000  1.0 1.0
    14    15    17    20   1.00000 -1.0 2.0
     1     2    -5     6   1.00000 -1.0 2.0
     1     2     5    42   1.00000 -1.0 2.0
     1     4     8    11   3.62500 -1.0 2.0
     1     4     8    13   3.62500 -1.0 2.0
     2     3    14    15   0.00000  1.0 1.0
     2     1    -4     6   0.00000  1.0 1.0
     2     1     4     8   0.00000  1.0 1.0
     2     5    -6     4  -0.02750  1.0 1.0
     2     5    -6     4   1.00000 -1.0 2.0
     2     5     6     7  -0.02750  1.0 1.0
     2     5     6     7   1.00000 -1.0 2.0
     2     5    42    43   0.38950  1.0 1.0
     2     5    42    43  -0.47050 -1.0 2.0
     2     5    42    43   0.83150  1.0 3.0
     2     5    42    44   0.00000  1.0 1.0
     2     5    42    45   0.00000  1.0 1.0
     5     6    -4     1   3.62500 -1.0 2.0
     5     6     4     8   3.62500 -1.0 2.0
     5     6     7     9   3.62500 -1.0 2.0
     5     6     7    10   3.62500 -1.0 2.0
     5    42    43    46   0.22950  1.0 3.0
     5    42    43    47   0.22950  1.0 3.0
     5    42    43    48   0.22950  1.0 3.0
     6     5    42    43  -0.12500  1.0 1.0
     6     5    42    43  -0.12500 -1.0 2.0
     6     5    42    43   0.25000  1.0 3.0
     6     5    42    44   0.00000  1.0 1.0
     6     5    42    45   0.00000  1.0 1.0
     6     4     8    11   3.62500 -1.0 2.0
     6     4     8    13   3.62500 -1.0 2.0
     6     7    -9    11   3.62500 -1.0 2.0
     6     7     9    12   3.62500 -1.0 2.0
     4     1     2     3   2.00000 -1.0 2.0
     4     1    -2     5   2.00000 -1.0 2.0
     4     6     7     9   3.62500 -1.0 2.0
     4     6     7    10   3.62500 -1.0 2.0
     7     6     4     1   3.62500 -1.0 2.0
     7     6     4     8   3.62500 -1.0 2.0
     7     9   -11     8   3.62500 -1.0 2.0
     7     9    11    38   3.62500 -1.0 2.0
     9    11    -8     4   3.62500 -1.0 2.0
     9    11     8    13   3.62500 -1.0 2.0
     9    11    38    39   0.19500  1.0 1.0
     9    11    38    39   0.12000 -1.0 2.0
     9    11    38    40   0.19500  1.0 1.0
     9    11    38    40   0.12000 -1.0 2.0
     9    11    38    41   0.19500  1.0 1.0
     9    11    38    41   0.12000 -1.0 2.0
     8    11    38    39   0.19500  1.0 1.0
     8    11    38    39   0.12000 -1.0 2.0
     8    11    38    40   0.19500  1.0 1.0
     8    11    38    40   0.12000 -1.0 2.0
     8    11    38    41   0.19500  1.0 1.0
     8    11    38    41   0.12000 -1.0 2.0
    38    11     8     4   3.62500 -1.0 2.0
    38    11     8    13   3.62500 -1.0 2.0
    42     5     6     4  -1.00000  1.0 1.0
    42     5     6     4   1.25000 -1.0 2.0
    42     5     6     7  -1.00000  1.0 1.0
    42     5     6     7   1.25000 -1.0 2.0
    16    15   -17    19   1.00000 -1.0 2.0
    16    15    17    20   1.00000 -1.0 2.0
    16    18    22    28   3.62500 -1.0 2.0
    16    18    22    29   3.62500 -1.0 2.0
    15    16   -18    19   0.00000  1.0 1.0
    15    16    18    22   0.00000  1.0 1.0
    15    17   -19    18  -0.02750  1.0 1.0
    15    17   -19    18   1.00000 -1.0 2.0
    15    17    19    21  -0.02750  1.0 1.0
    15    17    19    21   1.00000 -1.0 2.0
    15    17    20    23   0.38950  1.0 1.0
    15    17    20    23  -0.47050 -1.0 2.0
    15    17    20    23   0.83150  1.0 3.0
    15    17    20    24   0.00000  1.0 1.0
    15    17    20    25   0.00000  1.0 1.0
    17    19   -18    16   3.62500 -1.0 2.0
    17    19    18    22   3.62500 -1.0 2.0
    17    19    21    26   3.62500 -1.0 2.0
    17    19    21    27   3.62500 -1.0 2.0
    17    20    23    30   0.22950  1.0 3.0
    17    20    23    31   0.22950  1.0 3.0
    17    20    23    32   0.22950  1.0 3.0
    19    17    20    23  -0.12500  1.0 1.0
    19    17    20    23  -0.12500 -1.0 2.0
    19    17    20    23   0.25000  1.0 3.0
    19    17    20    24   0.00000  1.0 1.0
    19    17    20    25   0.00000  1.0 1.0
    19    18    22    28   3.62500 -1.0 2.0
    19    18    22    29   3.62500 -1.0 2.0
    19    21   -26    28   3.62500 -1.0 2.0
    19    21    26    33   3.62500 -1.0 2.0
    18    16    15    14   2.00000 -1.0 2.0
    18    16   -15    17   2.00000 -1.0 2.0
    18    19    21    26   3.62500 -1.0 2.0
    18    19    21    27   3.62500 -1.0 2.0
    21    19    18    16   3.62500 -1.0 2.0
    21    19    18    22   3.62500 -1.0 2.0
    21    26   -28    22   3.62500 -1.0 2.0
    21    26    28    34   3.62500 -1.0 2.0
    26    28   -22    18   3.62500 -1.0 2.0
    26    28    22    29   3.62500 -1.0 2.0
    26    28    34    35   0.19500  1.0 1.0
    26    28    34    35   0.12000 -1.0 2.0
    26    28    34    36   0.19500  1.0 1.0
    26    28    34    36   0.12000 -1.0 2.0
    26    28    34    37   0.19500  1.0 1.0
    26    28    34    37   0.12000 -1.0 2.0
    22    28    34    35   0.19500  1.0 1.0
    22    28    34    35   0.12000 -1.0 2.0
    22    28    34    36   0.19500  1.0 1.0
    22    28    34    36   0.12000 -1.0 2.0
    22    28    34    37   0.19500  1.0 1.0
    22    28    34    37   0.12000 -1.0 2.0
    34    28    22    18   3.62500 -1.0 2.0
    34    28    22    29   3.62500 -1.0 2.0
    20    17    19    18  -1.00000  1.0 1.0
    20    17    19    18   1.25000 -1.0 2.0
    20    17    19    21  -1.00000  1.0 1.0
    20    17    19    21   1.25000 -1.0 2.0
    10     7     9    11   3.62500 -1.0 2.0
    10     7     9    12   3.62500 -1.0 2.0
    12     9    11     8   3.62500 -1.0 2.0
    12     9    11    38   3.62500 -1.0 2.0
    44    42    43    46   0.15000  1.0 3.0
    44    42    43    47   0.15000  1.0 3.0
    44    42    43    48   0.15000  1.0 3.0
    45    42    43    46   0.15000  1.0 3.0
    45    42    43    47   0.15000  1.0 3.0
    45    42    43    48   0.15000  1.0 3.0
    27    21    26    28   3.62500 -1.0 2.0
    27    21    26    33   3.62500 -1.0 2.0
    33    26    28    22   3.62500 -1.0 2.0
    33    26    28    34   3.62500 -1.0 2.0
    24    20    23    30   0.15000  1.0 3.0
    24    20    23    31   0.15000  1.0 3.0
    24    20    23    32   0.15000  1.0 3.0
    25    20    23    30   0.15000  1.0 3.0
    25    20    23    31   0.15000  1.0 3.0
    25    20    23    32   0.15000  1.0 3.0
IPHI
     1     5     2     3  10.50000 -1.0 2.0
    42     2     5     6   1.00000 -1.0 2.0
     4     7     6     5   4.00000 -1.0 2.0
     6     8     4     1   4.00000 -1.0 2.0
     9    10     7     6   1.10000 -1.0 2.0
    11    12     9     7   1.10000 -1.0 2.0
     8    38    11     9   4.00000 -1.0 2.0
    11    13     8     4   1.10000 -1.0 2.0
    16    17    15    14  10.50000 -1.0 2.0
    20    15    17    19   1.00000 -1.0 2.0
    18    21    19    17   4.00000 -1.0 2.0
    19    22    18    16   4.00000 -1.0 2.0
    26    27    21    19   1.10000 -1.0 2.0
    28    33    26    21   1.10000 -1.0 2.0
    22    34    28    26   4.00000 -1.0 2.0
    28    29    22    18   1.10000 -1.0 2.0
END
