* LIGAND DATABASE FILE (OPLS2005)
*
ALJ      36    38     62    102     177
    1     0 M   CA   _C8_    10   21.870166   84.108038  -26.765155
    2     1 M   NE   _N1_     9    1.406420   71.405659    8.814771
    3     2 M   H    _H7_    28    1.010290  113.252359   95.238736
    4     1 M   CA   _C9_    11    1.382080  115.911983  121.174483
    5     1 M   NB   _N2_    15    1.338910   82.234492 -117.574884
    6     4 M   CA   _C10    12    1.380120  120.105870   98.180430
    7     4 M   HA   _H8_    29    1.080010  119.949260  -81.866970
    8     6 M   CA   _C11    13    1.399180  118.789850   -0.088470
    9     6 M   CT   _C17    21    1.497050  115.196950 -179.262460
   10     8 M   CA   _C12    14    1.394960  117.695750   -0.088470
   11     8 M   CA   _C16    19    1.388960  125.176320 -179.972020
   12    10 M   CA   _C13    16    1.384770  119.410260  178.831310
   13    12 M   CA   _C14    17    1.375880  122.567180    0.596430
   14    12 M   HA   _H9_    30    1.079900  119.996010 -179.472880
   15    13 M   CA   _C15    18    1.375820  118.602260    0.559530
   16    13 M   HA   _H10    31    1.080280  119.955340 -179.343590
   17    15 M   HA   _H11    32    1.079710  120.028500  179.018820
   18     9 M   HC   _H13    34    1.090120  109.502820  179.951540
   19     9 M   HC   _H14    35    1.089920  109.538290  -60.031160
   20     9 M   HC   _H15    36    1.090480  109.513360   60.007570
   21     2 S   CA   _C5_     5    1.403780  126.693830  -84.696883
   22    21 S   CA   _C4_     4    1.387610  123.187350   30.947480
   23    21 S   CA   _C6_     6    1.381910  118.055852 -150.893397
   24    22 S   CA   _C3_     3    1.381180  121.450390  179.167250
   25    22 S   HA   _H5_    26    1.080430  118.596059   -0.794916
   26    23 S   CA   _C7_     7    1.383529  119.928779 -179.266715
   27    23 S   HA   _H6_    27    1.080130  120.004180    0.816849
   28    24 S   CA   _C2_     2    1.381510  119.700590   -0.588170
   29    24 S   HA   _H4_    25    1.080030  120.349536  179.435626
   30    26 S   F    _F1_     8    1.348390  118.263497  179.964062
   31    28 S   CT   _C1_     1    1.493080  119.518390 -179.798260
   32    31 S   HC   _H1_    22    1.089610  109.489317 -179.995863
   33    31 S   HC   _H2_    23    1.089970  109.487914  -59.973736
   34    31 S   HC   _H3_    24    1.089510  109.472417   60.017969
   35    11 S   OH   _O1_    20    1.369500  121.363400    0.062560
   36    35 S   HO   _H12    33    0.959580  109.513120 -171.527570
  13  13   5  11   9  11   2  13   5   7   7   5   5   2   4   1   1
   2   1   1   9   8   7   9   2   8   2   6   1   1   3   2   1
   1   1   1
    22    21    23     2     3     4     6     8    10     5    12     9     7
    24    22    25    21    23    27     4     6    10     5     3     7    26
    22    21    23     4     5
    21     6     8    10     5    11     9     7    18    19    20
    21     7     6     8    10    12    13    11    14
     7     8    10    12    15    11    35     9    18    19    20
     8     9
    10    12    13    15    11    35     9    14    17    36    18    19    20
    18    19    20    10    11
    12    13    15    11    35    14    16
    12    13    16    15    17    35    36
    13    15    14    16    17
    14    15    35    16    17
    16    15
    16    35    17    36
    17
    35
    19    20
    20
     0
    28    24    29    22    25    23    26    30    27
    31    28    24    29    23    26    25    27
    31    28    24    25    26    30    27
    31    32    33    34    28    26    30    29    25
    28    29
    31    32    33    34    28    29    27    30
    28    30
    31    32    33    34    30    29
    31
    31
    32    33    34
    33    34
    34
     0
    36
     0
NBON
     1   3.5500   0.0700   0.685500   2.5000   1.7750   0.001000000  -0.843144165
     2   3.3000   0.1700  -0.780000   1.8650   1.6500   0.051222218  -2.220205820
     3   0.5000   0.0300   0.380000   0.9960   0.8600   0.030040813  -0.651083722
     4   3.5500   0.0700  -0.484900   2.0020   1.7750   0.001000000  -0.843144165
     5   3.2800   0.1700  -0.731100   1.8650   1.6500   0.001000000  -0.511443539
     6   3.5500   0.0700   0.066100   2.5000   1.7750   0.001000000  -0.843144165
     7   2.4200   0.0300   0.197000   1.3810   1.2100   0.030040813   0.268726247
     8   3.5500   0.0700  -0.173600   2.5000   1.7750   0.001000000  -0.843144165
     9   3.5000   0.0660  -0.065000   1.9750   1.7500   0.005000000  -0.741685710
    10   3.5500   0.0700   0.734100   2.5000   1.7750   0.001000000  -0.843144165
    11   3.5500   0.0700   0.135500   2.0020   1.7750   0.001000000  -0.843144165
    12   3.5500   0.0700  -0.440700   2.0020   1.7750   0.001000000  -0.843144165
    13   3.5500   0.0700  -0.043300   2.0020   1.7750   0.001000000  -0.843144165
    14   2.4200   0.0300   0.202200   1.3810   1.2100   0.030040813   0.268726247
    15   3.5500   0.0700  -0.206000   2.0020   1.7750   0.001000000  -0.843144165
    16   2.4200   0.0300   0.138800   1.3810   1.2100   0.030040813   0.268726247
    17   2.4200   0.0300   0.155400   1.3810   1.2100   0.030040813   0.268726247
    18   2.5000   0.0300   0.060000   1.4250   1.2500   0.008598240   0.268726247
    19   2.5000   0.0300   0.060000   1.4250   1.2500   0.008598240   0.268726247
    20   2.5000   0.0300   0.060000   1.4250   1.2500   0.008598240   0.268726247
    21   3.5500   0.0700   0.200000   2.5000   1.7750   0.001000000  -0.843144165
    22   3.5500   0.0700  -0.115000   2.0020   1.7750   0.001000000  -0.843144165
    23   3.5500   0.0700  -0.115000   2.0020   1.7750   0.001000000  -0.843144165
    24   3.5500   0.0700  -0.115000   2.0020   1.7750   0.001000000  -0.843144165
    25   2.4200   0.0300   0.115000   1.3810   1.2100   0.030040813   0.268726247
    26   3.5500   0.0700   0.220000   2.5000   1.7750   0.001000000  -0.843144165
    27   2.4200   0.0300   0.115000   1.3810   1.2100   0.030040813   0.268726247
    28   3.5500   0.0700  -0.115000   2.5000   1.7750   0.001000000  -0.843144165
    29   2.4200   0.0300   0.115000   1.3810   1.2100   0.030040813   0.268726247
    30   2.8500   0.0610  -0.220000   2.4980   2.2250   0.001000000   0.985400000
    31   3.5000   0.0660  -0.065000   1.9750   1.7500   0.005000000  -0.741685710
    32   2.5000   0.0300   0.060000   1.4250   1.2500   0.008598240   0.268726247
    33   2.5000   0.0300   0.060000   1.4250   1.2500   0.008598240   0.268726247
    34   2.5000   0.0300   0.060000   1.4250   1.2500   0.008598240   0.268726247
    35   3.0700   0.1700  -0.585000   1.7660   1.5600   0.021068034  -0.322181743
    36   0.5000   0.0300   0.435000   0.9960   0.8600   0.030040813  -0.651083722
BOND
    31    28   317.000  1.510
    31    32   340.000  1.090
    31    33   340.000  1.090
    31    34   340.000  1.090
    28    24   469.000  1.400
    28    26   469.000  1.400
    24    22   469.000  1.400
    24    29   367.000  1.080
    22    21   469.000  1.400
    22    25   367.000  1.080
    21    23   469.000  1.400
    21     2   481.000  1.393
    23    26   469.000  1.400
    23    27   367.000  1.080
    26    30   420.000  1.354
     2     1   481.000  1.393
     2     3   434.000  1.010
     1     4   469.000  1.400
     1     5   483.000  1.339
     4     6   469.000  1.400
     4     7   367.000  1.080
     6     8   469.000  1.400
     6     9   317.000  1.510
     8    10   469.000  1.400
     8    11   469.000  1.400
    10     5   483.000  1.339
    10    12   469.000  1.400
    12    13   469.000  1.400
    12    14   367.000  1.080
    13    15   469.000  1.400
    13    16   367.000  1.080
    15    11   469.000  1.400
    15    17   367.000  1.080
    11    35   450.000  1.364
    35    36   553.000  0.945
     9    18   340.000  1.090
     9    19   340.000  1.090
     9    20   340.000  1.090
THET
    31    28    24    70.00000  120.00000
    31    28    26    70.00000  120.00000
    28    24    22    63.00000  120.00000
    28    24    29    35.00000  120.00000
    28    26    23    63.00000  120.00000
    28    26    30    80.00000  120.00000
    24    22    21    63.00000  120.00000
    24    22    25    35.00000  120.00000
    22    21    23    63.00000  120.00000
    22    21     2    70.00000  120.10000
    21    23    26    63.00000  120.00000
    21    23    27    35.00000  120.00000
    21     2     1    80.00000  122.00000
    21     2     3    35.00000  113.50000
    23    26    30    80.00000  120.00000
    26    28    24    63.00000  120.00000
     2    21    23    70.00000  120.10000
     2     1     4    70.00000  120.10000
     2     1     5    80.00000  117.25000
     1     4     6    63.00000  120.00000
     1     4     7    35.00000  120.00000
     1     5    10    70.00000  117.00000
     4     6     8    63.00000  120.00000
     4     6     9    70.00000  120.00000
     6     8    10    63.00000  120.00000
     6     8    11    63.00000  120.00000
     6     9    18    35.00000  109.50000
     6     9    19    35.00000  109.50000
     6     9    20    35.00000  109.50000
     8    10     5    70.00000  124.00000
     8    10    12    63.00000  120.00000
     8    11    15    63.00000  120.00000
     8    11    35    70.00000  120.00000
    10    12    13    63.00000  120.00000
    10    12    14    35.00000  120.00000
     5     1     4    70.00000  124.00000
    12    10     5    70.00000  124.00000
    12    13    15    63.00000  120.00000
    12    13    16    35.00000  120.00000
    13    15    11    63.00000  120.00000
    13    15    17    35.00000  120.00000
    15    11    35    70.00000  120.00000
    11     8    10    63.00000  120.00000
    11    35    36    35.00000  113.00000
     9     6     8    70.00000  120.00000
    32    31    28    35.00000  109.50000
    33    31    28    35.00000  109.50000
    33    31    32    33.00000  107.80000
    34    31    28    35.00000  109.50000
    34    31    32    33.00000  107.80000
    34    31    33    33.00000  107.80000
    29    24    22    35.00000  120.00000
    25    22    21    35.00000  120.00000
    27    23    26    35.00000  120.00000
     3     2     1    35.00000  113.50000
     7     4     6    35.00000  120.00000
    14    12    13    35.00000  120.00000
    16    13    15    35.00000  120.00000
    17    15    11    35.00000  120.00000
    19     9    18    33.00000  107.80000
    20     9    18    33.00000  107.80000
    20     9    19    33.00000  107.80000
PHI
    31    28    24    22   3.62500 -1.0 2.0
    31    28    24    29   3.62500 -1.0 2.0
    31    28    26    23   3.62500 -1.0 2.0
    31    28    26    30   3.62500 -1.0 2.0
    28    24    22    21   3.62500 -1.0 2.0
    28    24    22    25   3.62500 -1.0 2.0
    24    28    26    23   3.62500 -1.0 2.0
    24    28    26    30   3.62500 -1.0 2.0
    24    22   -21    23   3.62500 -1.0 2.0
    24    22    21     2   3.62500 -1.0 2.0
    22    21    23    26   3.62500 -1.0 2.0
    22    21    23    27   3.62500 -1.0 2.0
    22    21     2     1   1.00000 -1.0 2.0
    22    21     2     3   1.00000 -1.0 2.0
    21    23   -26    28   3.62500 -1.0 2.0
    21    23    26    30   3.62500 -1.0 2.0
    21     2     1     4   1.00000 -1.0 2.0
    21     2     1     5   1.25000 -1.0 2.0
    23    21     2     1   1.00000 -1.0 2.0
    23    21     2     3   1.00000 -1.0 2.0
    26    28   -24    22   3.62500 -1.0 2.0
    26    28    24    29   3.62500 -1.0 2.0
     2    21    23    26   3.62500 -1.0 2.0
     2    21    23    27   3.62500 -1.0 2.0
     2     1     4     6   3.62500 -1.0 2.0
     2     1     4     7   3.62500 -1.0 2.0
     2     1     5    10   3.62500 -1.0 2.0
     1     4     6     8   3.62500 -1.0 2.0
     1     4     6     9   3.62500 -1.0 2.0
     4     1     5    10   3.62500 -1.0 2.0
     4     6    -8    10   3.62500 -1.0 2.0
     4     6     8    11   3.62500 -1.0 2.0
     4     6     9    18   0.00000  1.0 1.0
     4     6     9    19   0.00000  1.0 1.0
     4     6     9    20   0.00000  1.0 1.0
     6     8    10     5   3.62500 -1.0 2.0
     6     8    10    12   3.62500 -1.0 2.0
     6     8    11    15   3.62500 -1.0 2.0
     6     8    11    35   3.62500 -1.0 2.0
     8     6     9    18   0.00000  1.0 1.0
     8     6     9    19   0.00000  1.0 1.0
     8     6     9    20   0.00000  1.0 1.0
     8    10    -5     1   3.62500 -1.0 2.0
     8    10    12    13   3.62500 -1.0 2.0
     8    10    12    14   3.62500 -1.0 2.0
     8    11    35    36   0.84100 -1.0 2.0
    10     8    11    15   3.62500 -1.0 2.0
    10     8    11    35   3.62500 -1.0 2.0
    10    12   -13    15   3.62500 -1.0 2.0
    10    12    13    16   3.62500 -1.0 2.0
     5     1    -4     6   3.62500 -1.0 2.0
     5     1     4     7   3.62500 -1.0 2.0
     5    10    12    13   3.62500 -1.0 2.0
     5    10    12    14   3.62500 -1.0 2.0
    12    10     5     1   3.62500 -1.0 2.0
    12    13    15    11   3.62500 -1.0 2.0
    12    13    15    17   3.62500 -1.0 2.0
    13    15   -11     8   3.62500 -1.0 2.0
    13    15    11    35   3.62500 -1.0 2.0
    15    11    35    36   0.84100 -1.0 2.0
    11     8    10     5   3.62500 -1.0 2.0
    11     8   -10    12   3.62500 -1.0 2.0
     9     6     8    10   3.62500 -1.0 2.0
     9     6     8    11   3.62500 -1.0 2.0
    32    31    28    24   0.00000  1.0 1.0
    32    31    28    26   0.00000  1.0 1.0
    33    31    28    24   0.00000  1.0 1.0
    33    31    28    26   0.00000  1.0 1.0
    34    31    28    24   0.00000  1.0 1.0
    34    31    28    26   0.00000  1.0 1.0
    29    24    22    21   3.62500 -1.0 2.0
    29    24    22    25   3.62500 -1.0 2.0
    25    22    21    23   3.62500 -1.0 2.0
    25    22    21     2   3.62500 -1.0 2.0
    27    23    26    28   3.62500 -1.0 2.0
    27    23    26    30   3.62500 -1.0 2.0
     3     2     1     4   1.00000 -1.0 2.0
     3     2     1     5   1.75000 -1.0 2.0
     7     4     6     8   3.62500 -1.0 2.0
     7     4     6     9   3.62500 -1.0 2.0
    14    12    13    15   3.62500 -1.0 2.0
    14    12    13    16   3.62500 -1.0 2.0
    16    13    15    11   3.62500 -1.0 2.0
    16    13    15    17   3.62500 -1.0 2.0
    17    15    11     8   3.62500 -1.0 2.0
    17    15    11    35   3.62500 -1.0 2.0
IPHI
    24    26    28    31   4.00000 -1.0 2.0
    22    29    24    28   1.10000 -1.0 2.0
    21    25    22    24   1.10000 -1.0 2.0
    23     2    21    22   4.00000 -1.0 2.0
    26    27    23    21   1.10000 -1.0 2.0
    23    30    26    28   4.00000 -1.0 2.0
     3    21     2     1   1.00000 -1.0 2.0
     4     5     1     2   4.00000 -1.0 2.0
     6     7     4     1   1.10000 -1.0 2.0
     8     9     6     4   4.00000 -1.0 2.0
    10    11     8     6   4.00000 -1.0 2.0
     5    12    10     8   4.00000 -1.0 2.0
    13    14    12    10   1.10000 -1.0 2.0
    15    16    13    12   1.10000 -1.0 2.0
    11    17    15    13   1.10000 -1.0 2.0
    15    35    11     8   4.00000 -1.0 2.0
END
