* LIGAND DATABASE FILE (OPLS2005)
*
HEA      73    80    142    212     368
    1     0 S   CA   _CHA     1    87.60629    60.77092    30.00935
    2     1 S   HA   _HHA    44     1.08000    76.35666     8.32773
    3     1 S   CW   _C1A     5     1.37769    88.42126   129.75424
    4     1 S   CW   _C4D    32     1.38820   104.35308  -102.77182
    5     3 S   CS   _C2A     6     1.46366   126.51379   -73.19113
    6     4 S   NB   _ND_    42     1.40693   126.12614   -86.99422
    7     5 S   CS   _C3A     7     1.34410   107.78572  -179.69353
    8     5 S   CT   _CAA    10     1.55376   126.34311     0.17246
    9     8 S   HC   HAA1    51     1.09000   109.50028  -144.74588
   10     8 S   HC   HAA2    52     1.09000   109.50008   -24.74551
   11     6 S   CW   _C1D    29     1.41355   110.81036   179.74056
   12    36 S   Fe   FE__    43     2.10534   127.03572     2.14357
   13    11 S   CA   _CHD     4     1.38527   126.36148  -179.07634
   14    13 S   HA   _HHD    47     1.08000   113.65567   167.15580
   15     7 S   CW   _C4A     8     1.44758   107.99338     0.03426
   16     7 S   CT   _CMA     9     1.54504   126.27840  -179.79158
   17    16 S   HC   HMA1    48     1.09000   109.49988   180.00000
   18    16 S   HC   HMA2    49     1.09000   109.49983   -60.00046
   19    16 S   HC   HMA3    50     1.09000   109.50028    59.99966
   20     8 S   CT   _CBA    11     1.54348   111.11279    95.25413
   21    20 S   HC   HBA1    53     1.09000   109.49976   -69.50737
   22    20 S   HC   HBA2    54     1.09000   109.49965    50.49260
   23    11 S   CS   _C2D    30     1.44010   108.66495     0.25256
   24    12 S   NB   _NC_    41     2.06085   169.07665   -82.19039
   25    15 S   CA   _CHB     2     1.37693   125.91465   179.95577
   26    20 S   CO3  _CGA    12     1.52995   110.07658   170.49244
   27    26 S   O2Z  _O1A    13     1.25937   119.29182   -66.59562
   28    26 S   O2Z  _O2A    14     1.25192   118.69900   113.48196
   29    25 S   HA   _HHB    45     1.08000   120.00000    -2.28867
   30    24 S   CW   _C1C    22     1.38075   123.97469   -98.48386
   31     4 S   CS   _C3D    31     1.44894   125.63019    92.65629
   32    23 S   CT   _CMD    33     1.56301   127.28182   179.61336
   33    32 S   HC   HMD1    67     1.09000   109.50008  -180.00000
   34    32 S   HC   HMD2    68     1.09000   109.49985   -60.00012
   35    32 S   HC   HMD3    69     1.09000   109.50004    59.99995
   36     3 S   NB   _NA_    39     1.38195   125.66138   107.24536
   37    25 S   CW   _C1B    15     1.38121   126.08292   177.71159
   38    30 S   CS   _C2C    23     1.43779   108.30800   176.59016
   39    31 S   CT   _CAD    34     1.54188   127.95347     1.99105
   40    39 S   HC   HAD1    70     1.09000   109.50006    51.63398
   41    39 S   HC   HAD2    71     1.09000   109.50012   171.63428
   42    37 S   CS   _C2B    16     1.44986   125.84452   178.88478
   43    38 S   CS   _C3C    24     1.33418   108.17135    -0.05595
   44    38 S   CT   _CMC    26     1.54416   125.62439   179.56704
   45    44 S   HC   HMC1    61     1.09000   109.50006   180.00000
   46    44 S   HC   HMC2    62     1.09000   109.49996   -60.00012
   47    44 S   HC   HMC3    63     1.09000   109.50010    59.99979
   48    39 S   CT   _CBD    35     1.52009   112.33258   -68.36596
   49    48 S   HC   HBD1    72     1.09000   109.49990   -60.33002
   50    48 S   HC   HBD2    73     1.09000   109.49983    59.66990
   51    42 S   CS   _C3B    17     1.33562   107.99156   179.69610
   52    42 S   CT   _CMB    19     1.54480   126.15309    -0.08847
   53    24 S   CW   _C4C    25     1.37017   128.02579    77.24842
   54    43 S   CM   _CAC    27     1.55446   125.15515   179.38866
   55    48 S   CO3  _CGD    36     1.51112   106.45828   179.67016
   56    55 S   O2Z  _O1D    37     1.25129   118.85830   178.69134
   57    55 S   O2Z  _O2D    38     1.26804   118.25929    -0.81661
   58    52 S   HC   HMB1    55     1.09000   109.49998   180.00000
   59    52 S   HC   HMB2    56     1.09000   109.49998   -59.99994
   60    52 S   HC   HMB3    57     1.09000   109.49996    60.00007
   61    54 S   HC   _HAC    64     1.08000   120.00006   -26.76212
   62    51 S   CW   _C4B    18     1.43689   108.07187    -0.58047
   63    51 S   CM   _CAB    20     1.54137   126.12478  -179.74056
   64    63 S   HC   _HAB    58     1.08000   119.99984    43.30517
   65    54 S   CM   _CBC    28     1.33876   121.08712   153.23746
   66    65 S   HC   HBC1    65     1.08000   119.99993   180.00000
   67    65 S   HC   HBC2    66     1.08000   120.00019     0.00000
   68    62 S   CA   _CHC     3     1.38039   125.42828  -179.64612
   69    68 S   HA   _HHC    46     1.08000   120.00013    -2.10812
   70    63 S   CM   _CBB    21     1.33324   119.75301  -136.69518
   71    70 S   HC   HBB1    59     1.08000   120.00013   180.00000
   72    70 S   HC   HBB2    60     1.08000   120.00009     0.00000
   73    12 S   NB   _NB_    40     2.01584    89.16038  -175.76515
  13   6  13  12  15   9  13  11   5   4  12   3  10   4  10   5
   2   1   1   5   4   3  10   9   8   2   1   1   4  13  11   4
   2   1   1   1  10  12   8   5   4  11  11   6   2   1   1   5
   4   3  13   6   4   4   2   1   1   2   1   1   3   6   6   3
   2   1   1   2   1   2   1   1   1
    3     5     7    15     8    11    23    31     4    39    36     6     2  
    3     4     5     6    31    36  
    5     7    15    16     8    20    31     4    36     6     9    10    25  
   32    39    48    36     6    40    41     5    11    13    23    31  
    7    15    16     8    20    26    36    17    18    19     9    10    21    22    25  
   12    14    11    13    23    31    32    39    53  
   15    16     8    20    37    36    29    17    18    19     9    10    25  
   20    26    27    28    36     9    10    21    22    15    16  
   10    21    22    20    26  
   21    22    20    26  
   23    31    32    39    24    14    33    34    35    13    43    53  
   24    36    73  
   30    38    43    53    54    23    31    32    24    14  
   23    24    43    53  
   16    37    42    36    73    29    17    18    19    25  
   36    17    18    19    25  
   18    19  
   19  
    0  
   26    27    28    21    22  
   22    26    27    28  
   26    27    28  
   31    32    39    48    33    34    35    40    41    53  
   69    30    38    43    44    53    54    62    68  
   37    42    51    62    52    36    73    29  
   27    28  
   28  
    0  
   36    37    42    73  
   38    43    53    44    54    73    69    45    46    47    51    62    68  
   32    39    48    55    33    34    35    40    41    49    50  
   39    33    34    35  
   34    35  
   35  
    0  
   37  
   42    51    62    52    63    73    58    59    60    68  
   43    53    44    54    65    69    45    46    47    61    62    68  
   48    55    56    57    40    41    49    50  
   41    49    50    48    55  
   49    50    48    55  
   51    62    52    63    70    73    58    59    60    64    68  
   53    44    54    65    45    46    47    61    66    67    68  
   54    45    46    47    53    68  
   46    47  
   47  
    0  
   55    56    57    49    50  
   50    55    56    57  
   55    56    57  
   62    52    63    70    73    69    58    59    60    64    71    72    68  
   63    73    58    59    60    62  
   54    65    61    68  
   65    61    66    67  
   56    57  
   57  
    0  
   59    60  
   60  
    0  
   66    67    65  
   63    70    73    69    64    68  
   70    73    64    71    72    68  
   71    72    70  
   66    67  
   67  
    0  
   73    69  
   73  
   71    72  
   72  
    0  
    0  
NBON
    1   3.5500   0.0760  -0.614600   2.0020   1.7750   0.001000000  -0.843144165
    2   2.4200   0.0300   0.139200   1.3810   1.2100   0.030040813   0.268726247
    3   3.5500   0.0700   0.722800   2.5000   1.7750   0.001000000  -0.843144165
    4   3.5500   0.0700   0.722800   2.5000   1.7750   0.001000000  -0.843144165
    5   3.5500   0.0700  -0.132100   2.5000   1.7750   0.001000000  -0.843144165
    6   3.2500   0.1700  -1.009800   1.8650   1.6500   0.001000000  -0.511443539
    7   3.5500   0.0700  -0.132100   2.5000   1.7750   0.001000000  -0.843144165
    8   3.5000   0.0660  -0.073100   1.9750   1.7500   0.005000000  -0.741685710
    9   2.5000   0.0300   0.060000   1.4250   1.2500   0.008598240   0.268726247
   10   2.5000   0.0300   0.060000   1.4250   1.2500   0.008598240   0.268726247
   11   3.5500   0.0700   0.722800   2.5000   1.7750   0.001000000  -0.843144165
   12   2.5940   0.0130   0.840000   1.4767   1.2970   0.005000000   0.000000000
   13   3.5500   0.0760  -0.614600   2.0020   1.7750   0.001000000  -0.843144165
   14   2.4200   0.0300   0.139200   1.3810   1.2100   0.030040813   0.268726247
   15   3.5500   0.0700   0.722800   2.5000   1.7750   0.001000000  -0.843144165
   16   3.5000   0.0660  -0.133100   1.9750   1.7500   0.005000000  -0.741685710
   17   2.5000   0.0300   0.060000   1.4250   1.2500   0.008598240   0.268726247
   18   2.5000   0.0300   0.060000   1.4250   1.2500   0.008598240   0.268726247
   19   2.5000   0.0300   0.060000   1.4250   1.2500   0.008598240   0.268726247
   20   3.5000   0.0660  -0.220000   1.9750   1.7500   0.005000000  -0.741685710
   21   2.5000   0.0300   0.060000   1.3810   1.2100   0.008598240   0.268726247
   22   2.5000   0.0300   0.060000   1.3810   1.2100   0.008598240   0.268726247
   23   3.5500   0.0700  -0.132100   2.5000   1.7750   0.001000000  -0.843144165
   24   3.2500   0.1700  -1.009800   1.8375   1.6250   0.005000000   0.000000000
   25   3.5500   0.0760  -0.614600   2.0020   1.7750   0.001000000  -0.843144165
   26   3.7500   0.1050   0.700000   2.1120   1.8750   0.001000000  -0.126889456
   27   2.9600   0.2100  -0.800000   1.7000   1.5000   0.001000000  -0.126889456
   28   2.9600   0.2100  -0.800000   1.7000   1.5000   0.001000000  -0.126889456
   29   2.4200   0.0300   0.139200   1.3810   1.2100   0.030040813   0.268726247
   30   3.5500   0.0700   0.722800   2.5000   1.7750   0.001000000  -0.843144165
   31   3.5500   0.0700  -0.132100   2.5000   1.7750   0.001000000  -0.843144165
   32   3.5000   0.0660  -0.133100   1.9750   1.7500   0.005000000  -0.741685710
   33   2.5000   0.0300   0.060000   1.4250   1.2500   0.008598240   0.268726247
   34   2.5000   0.0300   0.060000   1.4250   1.2500   0.008598240   0.268726247
   35   2.5000   0.0300   0.060000   1.4250   1.2500   0.008598240   0.268726247
   36   3.2500   0.1700  -1.009800   1.8375   1.6250   0.005000000   0.000000000
   37   3.5500   0.0700   0.722800   2.5000   1.7750   0.001000000  -0.843144165
   38   3.5500   0.0700  -0.132100   2.5000   1.7750   0.001000000  -0.843144165
   39   3.5000   0.0660  -0.073100   1.9750   1.7500   0.005000000  -0.741685710
   40   2.5000   0.0300   0.060000   1.4250   1.2500   0.008598240   0.268726247
   41   2.5000   0.0300   0.060000   1.4250   1.2500   0.008598240   0.268726247
   42   3.5500   0.0700  -0.132100   2.5000   1.7750   0.001000000  -0.843144165
   43   3.5500   0.0700   0.007800   2.5000   1.7750   0.001000000  -0.843144165
   44   3.5000   0.0660  -0.133100   1.9750   1.7500   0.005000000  -0.741685710
   45   2.5000   0.0300   0.060000   1.4250   1.2500   0.008598240   0.268726247
   46   2.5000   0.0300   0.060000   1.4250   1.2500   0.008598240   0.268726247
   47   2.5000   0.0300   0.060000   1.4250   1.2500   0.008598240   0.268726247
   48   3.5000   0.0660  -0.220000   1.9750   1.7500   0.005000000  -0.741685710
   49   2.5000   0.0300   0.060000   1.3810   1.2100   0.008598240   0.268726247
   50   2.5000   0.0300   0.060000   1.3810   1.2100   0.008598240   0.268726247
   51   3.5500   0.0700   0.007800   2.5000   1.7750   0.001000000  -0.843144165
   52   3.5000   0.0660  -0.133100   1.9750   1.7500   0.005000000  -0.741685710
   53   3.5500   0.0700   0.722800   2.5000   1.7750   0.001000000  -0.843144165
   54   3.5500   0.0760  -0.208000   2.0020   1.7750   0.023028004  -0.852763146
   55   3.7500   0.1050   0.700000   2.1120   1.8750   0.001000000  -0.126889456
   56   2.9600   0.2100  -0.800000   1.7000   1.5000   0.001000000  -0.126889456
   57   2.9600   0.2100  -0.800000   1.7000   1.5000   0.001000000  -0.126889456
   58   2.5000   0.0300   0.060000   1.4250   1.2500   0.008598240   0.268726247
   59   2.5000   0.0300   0.060000   1.4250   1.2500   0.008598240   0.268726247
   60   2.5000   0.0300   0.060000   1.4250   1.2500   0.008598240   0.268726247
   61   2.4200   0.0300   0.115000   1.4250   1.2500   0.008598240   0.268726247
   62   3.5500   0.0700   0.722800   2.5000   1.7750   0.001000000  -0.843144165
   63   3.5500   0.0760  -0.208000   2.0020   1.7750   0.023028004  -0.852763146
   64   2.4200   0.0300   0.115000   1.4250   1.2500   0.008598240   0.268726247
   65   3.5500   0.0760  -0.230000   2.0020   1.7750   0.023028004  -0.852763146
   66   2.4200   0.0300   0.115000   1.4250   1.2500   0.008598240   0.268726247
   67   2.4200   0.0300   0.115000   1.4250   1.2500   0.008598240   0.268726247
   68   3.5500   0.0760  -0.614600   2.0020   1.7750   0.001000000  -0.843144165
   69   2.4200   0.0300   0.139200   1.3810   1.2100   0.030040813   0.268726247
   70   3.5500   0.0760  -0.230000   2.0020   1.7750   0.023028004  -0.852763146
   71   2.4200   0.0300   0.115000   1.4250   1.2500   0.008598240   0.268726247
   72   2.4200   0.0300   0.115000   1.4250   1.2500   0.008598240   0.268726247
   73   3.2500   0.1700  -1.009800   1.8650   1.6500   0.001000000  -0.511443539
BOND
    1     3   469.000  1.400
    1     4   469.000  1.400
    1     2   367.000  1.080
   25    15   469.000  1.400
   25    37   469.000  1.400
   25    29   367.000  1.080
   68    62   469.000  1.400
   68    30   469.000  1.400
   68    69   367.000  1.080
   13    53   469.000  1.400
   13    11   469.000  1.400
   13    14   367.000  1.080
    3     5   469.000  1.400
    3    36   483.000  1.339
    5     7   469.000  1.400
    5     8   317.000  1.510
    7    15   469.000  1.400
    7    16   317.000  1.510
   15    36   483.000  1.339
   16    17   340.000  1.090
   16    18   340.000  1.090
   16    19   340.000  1.090
    8    20   268.000  1.529
    8     9   340.000  1.090
    8    10   340.000  1.090
   20    26   317.000  1.522
   20    21   340.000  1.090
   20    22   340.000  1.090
   26    27   656.000  1.250
   26    28   656.000  1.250
   37    42   469.000  1.400
   37    73   483.000  1.339
   42    51   469.000  1.400
   42    52   317.000  1.510
   51    62   469.000  1.400
   51    63   320.000  1.460
   62    73   483.000  1.339
   52    58   340.000  1.090
   52    59   340.000  1.090
   52    60   340.000  1.090
   63    70   549.000  1.340
   63    64   340.000  1.080
   70    71   340.000  1.080
   70    72   340.000  1.080
   30    38   469.000  1.400
   30    24   483.000  1.339
   38    43   469.000  1.400
   38    44   317.000  1.510
   43    53   469.000  1.400
   43    54   320.000  1.460
   53    24   483.000  1.339
   44    45   340.000  1.090
   44    46   340.000  1.090
   44    47   340.000  1.090
   54    65   549.000  1.340
   54    61   340.000  1.080
   65    66   340.000  1.080
   65    67   340.000  1.080
   11    23   469.000  1.400
   11     6   483.000  1.339
   23    31   469.000  1.400
   23    32   317.000  1.510
   31     4   469.000  1.400
   31    39   317.000  1.510
    4     6   483.000  1.339
   32    33   340.000  1.090
   32    34   340.000  1.090
   32    35   340.000  1.090
   39    48   268.000  1.529
   39    40   340.000  1.090
   39    41   340.000  1.090
   48    55   317.000  1.522
   48    49   340.000  1.090
   48    50   340.000  1.090
   55    56   656.000  1.250
   55    57   656.000  1.250
   36    12   300.000  2.105
   73    12   300.000  2.016
   24    12   300.000  2.061
    6    12   300.000  2.127
THET
    1     3     5    63.00000  120.00000
    1     3    36    70.00000  124.00000
    1     4    31    63.00000  120.00000
    1     4     6    70.00000  124.00000
   25    15     7    63.00000  120.00000
   25    15    36    70.00000  124.00000
   25    37    42    63.00000  120.00000
   25    37    73    70.00000  124.00000
   68    62    51    63.00000  120.00000
   68    62    73    70.00000  124.00000
   68    30    38    63.00000  120.00000
   68    30    24    70.00000  124.00000
   13    53    43    63.00000  120.00000
   13    53    24    70.00000  124.00000
   13    11    23    63.00000  120.00000
   13    11     6    70.00000  124.00000
    3     5     7    63.00000  120.00000
    3     5     8    70.00000  120.00000
    3    36    15    70.00000  117.00000
    5     7    15    63.00000  120.00000
    5     7    16    70.00000  120.00000
    5     8    20    70.00000  112.17500
    5     8     9    35.00000  109.50000
    5     8    10    35.00000  109.50000
    7    15    36    70.00000  124.00000
    7    16    17    35.00000  109.50000
    7    16    18    35.00000  109.50000
    7    16    19    35.00000  109.50000
   16     7    15    70.00000  120.00000
    8     5     7    70.00000  120.00000
    8    20    26    70.00000  109.69300
    8    20    21    37.50000  110.70000
    8    20    22    37.50000  110.70000
   20    26    27    70.00000  117.00000
   20    26    28    70.00000  117.00000
   28    26    27    80.00000  126.00000
   37    25    15    63.00000  120.00000
   37    42    51    63.00000  120.00000
   37    42    52    70.00000  120.00000
   37    73    62    70.00000  117.00000
   42    51    62    63.00000  120.00000
   42    51    63    60.00000  120.93500
   42    52    58    35.00000  109.50000
   42    52    59    35.00000  109.50000
   42    52    60    35.00000  109.50000
   51    62    73    70.00000  124.00000
   51    63    70    60.00000  123.20500
   51    63    64    40.00000  117.26300
   52    42    51    70.00000  120.00000
   63    51    62    60.00000  120.93500
   63    70    71    35.00000  120.00000
   63    70    72    35.00000  120.00000
   30    68    62    63.00000  120.00000
   30    38    43    63.00000  120.00000
   30    38    44    70.00000  120.00000
   30    24    53    70.00000  117.00000
   38    43    53    63.00000  120.00000
   38    43    54    60.00000  120.93500
   38    44    45    35.00000  109.50000
   38    44    46    35.00000  109.50000
   38    44    47    35.00000  109.50000
   43    53    24    70.00000  124.00000
   43    54    65    60.00000  123.20500
   43    54    61    40.00000  117.26300
   44    38    43    70.00000  120.00000
   54    43    53    60.00000  120.93500
   54    65    66    35.00000  120.00000
   54    65    67    35.00000  120.00000
   11    13    53    63.00000  120.00000
   11    23    31    63.00000  120.00000
   11    23    32    70.00000  120.00000
   11     6     4    70.00000  117.00000
   23    31     4    63.00000  120.00000
   23    31    39    70.00000  120.00000
   23    32    33    35.00000  109.50000
   23    32    34    35.00000  109.50000
   23    32    35    35.00000  109.50000
   31     4     6    70.00000  124.00000
   31    39    48    70.00000  112.17500
   31    39    40    35.00000  109.50000
   31    39    41    35.00000  109.50000
    4     1     3    63.00000  120.00000
   32    23    31    70.00000  120.00000
   39    31     4    70.00000  120.00000
   39    48    55    70.00000  109.69300
   39    48    49    37.50000  110.70000
   39    48    50    37.50000  110.70000
   48    55    56    70.00000  117.00000
   48    55    57    70.00000  117.00000
   57    55    56    80.00000  126.00000
   36     3     5    70.00000  124.00000
   36    12    73    60.00000   89.16044
   36    12     6    60.00000   87.88090
   73    37    42    70.00000  124.00000
   73    12    24    60.00000   91.50142
   24    30    38    70.00000  124.00000
   24    12     6    60.00000   88.79300
    6    11    23    70.00000  124.00000
   12    36     3    60.00000  127.03574
   12    36    15    60.00000  124.91441
   12    73    37    60.00000  126.92272
   12    73    62    60.00000  124.52354
   12    24    30    60.00000  123.97465
   12    24    53    60.00000  128.02579
   12     6    11    60.00000  121.55018
   12     6     4    60.00000  123.00309
    2     1     3    35.00000  120.00000
    2     1     4    35.00000  120.00000
   29    25    15    35.00000  120.00000
   29    25    37    35.00000  120.00000
   69    68    62    35.00000  120.00000
   69    68    30    35.00000  120.00000
   14    13    53    35.00000  120.00000
   14    13    11    35.00000  120.00000
   18    16    17    33.00000  107.80000
   19    16    17    33.00000  107.80000
   19    16    18    33.00000  107.80000
    9     8    20    37.50000  110.70000
   10     8    20    37.50000  110.70000
   10     8     9    33.00000  107.80000
   21    20    26    35.00000  109.50000
   22    20    26    35.00000  109.50000
   22    20    21    33.00000  107.80000
   59    52    58    33.00000  107.80000
   60    52    58    33.00000  107.80000
   60    52    59    33.00000  107.80000
   64    63    70    35.00000  120.00000
   72    70    71    35.00000  117.00000
   46    44    45    33.00000  107.80000
   47    44    45    33.00000  107.80000
   47    44    46    33.00000  107.80000
   61    54    65    35.00000  120.00000
   67    65    66    35.00000  117.00000
   34    32    33    33.00000  107.80000
   35    32    33    33.00000  107.80000
   35    32    34    33.00000  107.80000
   40    39    48    37.50000  110.70000
   41    39    48    37.50000  110.70000
   41    39    40    33.00000  107.80000
   49    48    55    35.00000  109.50000
   50    48    55    35.00000  109.50000
   50    48    49    33.00000  107.80000
PHI
    1     3     5     7   3.62500 -1.0 2.0
    1     3     5     8   3.62500 -1.0 2.0
    1     3    36    15   3.62500 -1.0 2.0
    1     4     6    11   3.62500 -1.0 2.0
   25    15    36     3   3.62500 -1.0 2.0
   25    37    42    51   3.62500 -1.0 2.0
   25    37    42    52   3.62500 -1.0 2.0
   25    37    73    62   3.62500 -1.0 2.0
   68    62    73    37   3.62500 -1.0 2.0
   68    30    38    43   3.62500 -1.0 2.0
   68    30    38    44   3.62500 -1.0 2.0
   68    30    24    53   3.62500 -1.0 2.0
   13    53    24    30   3.62500 -1.0 2.0
   13    11    23    31   3.62500 -1.0 2.0
   13    11    23    32   3.62500 -1.0 2.0
   13    11     6     4   3.62500 -1.0 2.0
    3     1     4    31   3.62500 -1.0 2.0
    3     1     4     6   3.62500 -1.0 2.0
    3     5    -7    15   3.62500 -1.0 2.0
    3     5     7    16   3.62500 -1.0 2.0
    3     5     8    20   0.04150 -1.0 2.0
    3     5     8     9   0.00000  1.0 1.0
    3     5     8    10   0.00000  1.0 1.0
    5     3   -36    15   3.62500 -1.0 2.0
    5     7    15    25   3.62500 -1.0 2.0
    5     7   -15    36   3.62500 -1.0 2.0
    5     7    16    17   0.00000  1.0 1.0
    5     7    16    18   0.00000  1.0 1.0
    5     7    16    19   0.00000  1.0 1.0
    5     8    20    26  -2.95950  1.0 1.0
    5     8    20    26   0.02300  1.0 3.0
    5     8    20    21   0.43200  1.0 3.0
    5     8    20    22   0.43200  1.0 3.0
    7     5     8    20   0.04150 -1.0 2.0
    7     5     8     9   0.00000  1.0 1.0
    7     5     8    10   0.00000  1.0 1.0
    7    15   -36     3   3.62500 -1.0 2.0
   15    25    37    42   3.62500 -1.0 2.0
   15    25    37    73   3.62500 -1.0 2.0
   15     7    16    17   0.00000  1.0 1.0
   15     7    16    18   0.00000  1.0 1.0
   15     7    16    19   0.00000  1.0 1.0
   16     7    15    25   3.62500 -1.0 2.0
   16     7    15    36   3.62500 -1.0 2.0
    8     5     7    15   3.62500 -1.0 2.0
    8     5     7    16   3.62500 -1.0 2.0
    8    20    26    27   0.41150 -1.0 2.0
    8    20    26    28   0.41150 -1.0 2.0
   37    25    15     7   3.62500 -1.0 2.0
   37    25    15    36   3.62500 -1.0 2.0
   37    42   -51    62   3.62500 -1.0 2.0
   37    42    51    63   3.62500 -1.0 2.0
   37    42    52    58   0.00000  1.0 1.0
   37    42    52    59   0.00000  1.0 1.0
   37    42    52    60   0.00000  1.0 1.0
   42    37   -73    62   3.62500 -1.0 2.0
   42    51    62    68   3.62500 -1.0 2.0
   42    51   -62    73   3.62500 -1.0 2.0
   42    51    63    70   0.15800  1.0 1.0
   42    51    63    70   1.85350 -1.0 2.0
   42    51    63    70  -0.48700  1.0 3.0
   42    51    63    64   1.00000 -1.0 2.0
   42    51    63    64   0.56550  1.0 3.0
   51    42    52    58   0.00000  1.0 1.0
   51    42    52    59   0.00000  1.0 1.0
   51    42    52    60   0.00000  1.0 1.0
   51    62   -73    37   3.62500 -1.0 2.0
   51    63    70    71   7.00000 -1.0 2.0
   51    63    70    72   7.00000 -1.0 2.0
   62    68    30    38   3.62500 -1.0 2.0
   62    68    30    24   3.62500 -1.0 2.0
   62    51    63    70   0.15800  1.0 1.0
   62    51    63    70   1.85350 -1.0 2.0
   62    51    63    70  -0.48700  1.0 3.0
   62    51    63    64   1.00000 -1.0 2.0
   62    51    63    64   0.56550  1.0 3.0
   52    42    51    62   3.62500 -1.0 2.0
   52    42    51    63   3.62500 -1.0 2.0
   63    51    62    68   3.62500 -1.0 2.0
   63    51    62    73   3.62500 -1.0 2.0
   30    68    62    51   3.62500 -1.0 2.0
   30    68    62    73   3.62500 -1.0 2.0
   30    38   -43    53   3.62500 -1.0 2.0
   30    38    43    54   3.62500 -1.0 2.0
   30    38    44    45   0.00000  1.0 1.0
   30    38    44    46   0.00000  1.0 1.0
   30    38    44    47   0.00000  1.0 1.0
   38    30   -24    53   3.62500 -1.0 2.0
   38    43    53    13   3.62500 -1.0 2.0
   38    43   -53    24   3.62500 -1.0 2.0
   38    43    54    65   0.15800  1.0 1.0
   38    43    54    65   1.85350 -1.0 2.0
   38    43    54    65  -0.48700  1.0 3.0
   38    43    54    61   1.00000 -1.0 2.0
   38    43    54    61   0.56550  1.0 3.0
   43    38    44    45   0.00000  1.0 1.0
   43    38    44    46   0.00000  1.0 1.0
   43    38    44    47   0.00000  1.0 1.0
   43    53   -24    30   3.62500 -1.0 2.0
   43    54    65    66   7.00000 -1.0 2.0
   43    54    65    67   7.00000 -1.0 2.0
   53    13    11    23   3.62500 -1.0 2.0
   53    13    11     6   3.62500 -1.0 2.0
   53    43    54    65   0.15800  1.0 1.0
   53    43    54    65   1.85350 -1.0 2.0
   53    43    54    65  -0.48700  1.0 3.0
   53    43    54    61   1.00000 -1.0 2.0
   53    43    54    61   0.56550  1.0 3.0
   44    38    43    53   3.62500 -1.0 2.0
   44    38    43    54   3.62500 -1.0 2.0
   54    43    53    13   3.62500 -1.0 2.0
   54    43    53    24   3.62500 -1.0 2.0
   11    13    53    43   3.62500 -1.0 2.0
   11    13    53    24   3.62500 -1.0 2.0
   11    23   -31     4   3.62500 -1.0 2.0
   11    23    31    39   3.62500 -1.0 2.0
   11    23    32    33   0.00000  1.0 1.0
   11    23    32    34   0.00000  1.0 1.0
   11    23    32    35   0.00000  1.0 1.0
   23    11    -6     4   3.62500 -1.0 2.0
   23    31     4     1   3.62500 -1.0 2.0
   23    31    -4     6   3.62500 -1.0 2.0
   23    31    39    48   0.04150 -1.0 2.0
   23    31    39    40   0.00000  1.0 1.0
   23    31    39    41   0.00000  1.0 1.0
   31    23    32    33   0.00000  1.0 1.0
   31    23    32    34   0.00000  1.0 1.0
   31    23    32    35   0.00000  1.0 1.0
   31     4    -6    11   3.62500 -1.0 2.0
   31    39    48    55  -2.95950  1.0 1.0
   31    39    48    55   0.02300  1.0 3.0
   31    39    48    49   0.43200  1.0 3.0
   31    39    48    50   0.43200  1.0 3.0
    4     1     3     5   3.62500 -1.0 2.0
    4     1     3    36   3.62500 -1.0 2.0
    4    31    39    48   0.04150 -1.0 2.0
    4    31    39    40   0.00000  1.0 1.0
    4    31    39    41   0.00000  1.0 1.0
   32    23    31     4   3.62500 -1.0 2.0
   32    23    31    39   3.62500 -1.0 2.0
   39    31     4     1   3.62500 -1.0 2.0
   39    31     4     6   3.62500 -1.0 2.0
   39    48    55    56   0.41150 -1.0 2.0
   39    48    55    57   0.41150 -1.0 2.0
   36     3    -5     7   3.62500 -1.0 2.0
   36     3     5     8   3.62500 -1.0 2.0
   73    37   -42    51   3.62500 -1.0 2.0
   73    37    42    52   3.62500 -1.0 2.0
   24    30   -38    43   3.62500 -1.0 2.0
   24    30    38    44   3.62500 -1.0 2.0
    6    11   -23    31   3.62500 -1.0 2.0
    6    11    23    32   3.62500 -1.0 2.0
    2     1     3     5   3.62500 -1.0 2.0
    2     1     3    36   3.62500 -1.0 2.0
    2     1     4    31   3.62500 -1.0 2.0
    2     1     4     6   3.62500 -1.0 2.0
   29    25    15     7   3.62500 -1.0 2.0
   29    25    15    36   3.62500 -1.0 2.0
   29    25    37    42   3.62500 -1.0 2.0
   29    25    37    73   3.62500 -1.0 2.0
   69    68    62    51   3.62500 -1.0 2.0
   69    68    62    73   3.62500 -1.0 2.0
   69    68    30    38   3.62500 -1.0 2.0
   69    68    30    24   3.62500 -1.0 2.0
   14    13    53    43   3.62500 -1.0 2.0
   14    13    53    24   3.62500 -1.0 2.0
   14    13    11    23   3.62500 -1.0 2.0
   14    13    11     6   3.62500 -1.0 2.0
    9     8    20    26  -0.11250  1.0 3.0
    9     8    20    21   0.15000  1.0 3.0
    9     8    20    22   0.15000  1.0 3.0
   10     8    20    26  -0.11250  1.0 3.0
   10     8    20    21   0.15000  1.0 3.0
   10     8    20    22   0.15000  1.0 3.0
   21    20    26    27   0.00000  1.0 1.0
   21    20    26    28   0.00000  1.0 1.0
   22    20    26    27   0.00000  1.0 1.0
   22    20    26    28   0.00000  1.0 1.0
   64    63    70    71   7.00000 -1.0 2.0
   64    63    70    72   7.00000 -1.0 2.0
   61    54    65    66   7.00000 -1.0 2.0
   61    54    65    67   7.00000 -1.0 2.0
   40    39    48    55  -0.11250  1.0 3.0
   40    39    48    49   0.15000  1.0 3.0
   40    39    48    50   0.15000  1.0 3.0
   41    39    48    55  -0.11250  1.0 3.0
   41    39    48    49   0.15000  1.0 3.0
   41    39    48    50   0.15000  1.0 3.0
   49    48    55    56   0.00000  1.0 1.0
   49    48    55    57   0.00000  1.0 1.0
   50    48    55    56   0.00000  1.0 1.0
   50    48    55    57   0.00000  1.0 1.0
IPHI
    6    36    12    73  10.00000 -1.0 2.0
   24    73    12    36  10.00000 -1.0 2.0
   73    36    12     6  10.00000 -1.0 2.0
   24     6    12    36  10.00000 -1.0 2.0
   36    73    12    24  10.00000 -1.0 2.0
    6    24    12    73  10.00000 -1.0 2.0
   36     6    12    24  10.00000 -1.0 2.0
   73    24    12     6  10.00000 -1.0 2.0
    4     2     1     3   1.10000 -1.0 2.0
   37    29    25    15   1.10000 -1.0 2.0
   30    69    68    62   1.10000 -1.0 2.0
   11    14    13    53   1.10000 -1.0 2.0
    5    36     3     1   4.00000 -1.0 2.0
    7     8     5     3   4.00000 -1.0 2.0
   15    16     7     5   4.00000 -1.0 2.0
    7    36    15    25   4.00000 -1.0 2.0
   28    20    26    27  10.50000 -1.0 2.0
   42    73    37    25   4.00000 -1.0 2.0
   51    52    42    37   4.00000 -1.0 2.0
   62    63    51    42   4.00000 -1.0 2.0
   51    73    62    68   4.00000 -1.0 2.0
   51    64    63    70  15.00000 -1.0 2.0
   71    72    70    63  15.00000 -1.0 2.0
   38    24    30    68   4.00000 -1.0 2.0
   43    44    38    30   4.00000 -1.0 2.0
   53    54    43    38   4.00000 -1.0 2.0
   43    24    53    13   4.00000 -1.0 2.0
   43    61    54    65  15.00000 -1.0 2.0
   66    67    65    54  15.00000 -1.0 2.0
   23     6    11    13   4.00000 -1.0 2.0
   31    32    23    11   4.00000 -1.0 2.0
    4    39    31    23   4.00000 -1.0 2.0
   31     6     4     1   4.00000 -1.0 2.0
   57    48    55    56  10.50000 -1.0 2.0
END
