* LIGAND DATABASE FILE (OPLS2005)
*
K5Y      54    55     98    136     271
    1     0 M   CT   _C1_     1   69.259940  108.151250  135.423410
    2     1 M   CA   _C8_     8    1.493310   87.811160  109.490410
    3     1 M   HC   _H1_    25    1.090070   33.914110  -21.475340
    4     1 M   HC   _H2_    26    1.090410  142.965150  -10.713830
    5     1 M   HC   _H3_    27    1.089740   94.020360 -141.059700
    6     2 M   CA   _C7_     7    1.379050  118.265250  153.473330
    7     6 M   CA   _C6_     6    1.379400  120.893220 -179.937440
    8     7 M   CA   _C5_     5    1.463613  117.639968   -0.086024
    9     8 M   CT   _C4_     4    1.501100  120.869959 -179.939537
   10     9 M   HC   _H5_    29    1.090220  109.490980  179.987349
   11     9 M   HC   _H6_    30    1.089860  109.493340  -60.057361
   12     9 M   HC   _H7_    31    1.089810  109.547260   59.984829
   13     8 M   CA   _C9_     9    1.467670  117.394090    0.179633
   14     6 M   HA   _H8_    32    1.080430  119.101060    0.108350
   15     2 M   NB   _N2_    23    1.341750  119.091480  -26.463410
   16     7 S   NE   _N1_    22    1.345410  121.565180 -179.834490
   17    16 S   CT   _C2_     2    1.441540  119.584260   21.890530
   18    16 S   H    _H30    54    1.009780  120.004200 -158.046570
   19    17 S   CT   _C19    19    1.512420  108.954470 -138.667390
   20    17 S   CT   _C20    20    1.514040  111.274150  101.012060
   21    17 S   HC   _H4_    28    1.089940  109.198270  -19.523500
   22    19 S   CT   _C18    18    1.509250  110.757510   42.826870
   23    19 S   HC   _H23    47    1.089680  109.429240  -77.997810
   24    19 S   HC   _H24    48    1.089760  109.460570  163.597780
   25    20 S   CT   _C21    21    1.505640  110.596190  -43.804360
   26    20 S   HC   _H25    49    1.089480  109.441090 -164.494430
   27    20 S   HC   _H26    50    1.089510  109.412560   76.828310
   28    22 S   HC   _H20    44    1.090690  109.451430 -179.972020
   29    22 S   HC   _H21    45    1.090010  109.474230  -60.005280
   30    22 S   HC   _H22    46    1.089470  109.515230   60.024070
   31    25 S   HC   _H27    51    1.089870  109.505130 -179.980220
   32    25 S   HC   _H28    52    1.090820  109.525840  -60.015820
   33    25 S   HC   _H29    53    1.089680  109.542000   59.988320
   34    13 S   OS   _O1_    24    1.348410  119.043900 -179.968937
   35    34 S   CA   _C3_     3    1.355290  122.407170 -179.407509
   36    35 S   CA   _C10    10    1.474210  122.446450  -77.547070
   37    35 S   CA   _C17    17    1.469710  119.834670  103.385840
   38    36 S   CT   _C12    12    1.499350  119.951000    0.762590
   39    36 S   CA   _C14    14    1.384420  119.025060 -179.468450
   40    37 S   CT   _C13    13    1.491860  119.449990   -0.603930
   41    37 S   CA   _C16    16    1.380146  119.740593  179.539445
   42    38 S   HC   _H12    36    1.089280  109.513590 -180.000000
   43    38 S   HC   _H13    37    1.089820  109.448210  -59.971080
   44    38 S   HC   _H14    38    1.090030  109.472320   59.971170
   45    40 S   HC   _H15    39    1.090440  109.503480 -180.000000
   46    40 S   HC   _H16    40    1.091060  109.474030  -60.020680
   47    40 S   HC   _H17    41    1.089970  109.526210   59.943260
   48    39 S   CA   _C15    15    1.394920  120.753170    0.137060
   49    39 S   HA   _H18    42    1.079860  119.999310 -179.886360
   50    41 S   HA   _H19    43    1.079860  119.506938  179.803297
   51    48 S   CT   _C11    11    1.501920  120.042310 -179.928670
   52    51 S   HC   _H9_    33    1.089670  109.463480  179.980220
   53    51 S   HC   _H10    34    1.090220  109.467290  -59.996840
   54    51 S   HC   _H11    35    1.090150  109.469920   59.966210
   9  11   4   3   2   9  15  12   7   3   2   1   6   2   2  11  16
   3  11  10   6   5   4   3   5   4   3   2   1   1   2   1   1
   7  15  11  10   6  11   6  10   2   1   1   2   1   1   6   1
   1   3   2   1   1
     7     6     2    13    15     3     4     5    14
     3     4     5    13    16    15    34    14     6     7     8
     4     5     6    15
     5     6    15
     6    15
    13    16    15    14    18     7     8    17     9
    14    15    13    19    20    16    34    21    10    11    12    18     8    17     9
    14    15    13    16    34    10    11    12    18    17    35     9
    15    13    16    34    10    11    12
    13    11    12
    13    12
    13
    15    36    37    16    34    35
    15    16
    34    35
    21    23    24    26    27    18    17    19    20    22    25
    18    22    19    20    25    21    28    29    30    23    24    26    27    31    32    33
    21    19    20
    21    20    25    28    29    30    23    24    26    27    22
    21    23    24    25    26    27    31    32    33    22
    23    24    26    27    22    25
    23    24    28    29    30
    24    28    29    30
    28    29    30
    26    27    31    32    33
    27    31    32    33
    31    32    33
    29    30
    30
     0
    32    33
    33
     0
    35    36    38    39    41    37    40
    36    38    40    39    48    41    37    42    43    44    45    46    47    49    50
    51    38    40    39    48    41    37    42    43    44    49
    38    39    48    51    41    50    45    46    47    40
    39    48    42    43    44    49
    42    43    44    48    41    52    53    54    49    50    51
    48    41    50    45    46    47
    49    48    51    52    53    54    45    46    47    50
    43    44
    44
     0
    46    47
    47
     0
    49    52    53    54    50    51
    51
    51
    52    53    54
    53    54
    54
     0
NBON
     1   3.5000   0.0660  -0.065000   2.4950   1.7500   0.005000000  -0.741685710
     2   3.5500   0.0700   0.370000   2.5000   1.7750   0.001000000  -0.843144165
     3   2.5000   0.0300   0.060000   1.3810   1.2100   0.008598240   0.268726247
     4   2.5000   0.0300   0.060000   1.3810   1.2100   0.008598240   0.268726247
     5   2.5000   0.0300   0.060000   1.3810   1.2100   0.008598240   0.268726247
     6   3.5500   0.0700  -0.447000   2.0020   1.7750   0.001000000  -0.843144165
     7   3.5500   0.0700   0.492000   2.0020   1.7750   0.001000000  -0.843144165
     8   3.5500   0.0700  -0.455000   2.5000   1.7750   0.001000000  -0.843144165
     9   3.5000   0.0660  -0.017000   1.9750   1.7500   0.005000000  -0.741685710
    10   2.5000   0.0300   0.060000   1.4250   1.2500   0.008598240   0.268726247
    11   2.5000   0.0300   0.060000   1.4250   1.2500   0.008598240   0.268726247
    12   2.5000   0.0300   0.060000   1.4250   1.2500   0.008598240   0.268726247
    13   3.5500   0.0700   0.571600   2.5000   1.7750   0.001000000  -0.843144165
    14   2.4200   0.0300   0.155000   1.3810   1.2100   0.030040813   0.268726247
    15   3.2500   0.1700  -0.678000   1.8650   1.6500   0.001000000  -0.511443539
    16   3.3000   0.1700  -0.780000   1.8650   1.6500   0.051222218  -2.220205820
    17   3.5000   0.0660   0.140000   1.9750   1.7500   0.005000000  -0.741685710
    18   0.5000   0.0300   0.380000   0.9960   0.8600   0.030040813  -0.651083722
    19   3.5000   0.0660  -0.120000   1.9750   1.7500   0.005000000  -0.741685710
    20   3.5000   0.0660  -0.120000   1.9750   1.7500   0.005000000  -0.741685710
    21   2.5000   0.0150   0.060000   1.4250   1.2500   0.008598240   0.268726247
    22   3.5000   0.0660  -0.180000   1.9750   1.7500   0.005000000  -0.741685710
    23   2.5000   0.0300   0.060000   1.4250   1.2500   0.008598240   0.268726247
    24   2.5000   0.0300   0.060000   1.4250   1.2500   0.008598240   0.268726247
    25   3.5000   0.0660  -0.180000   1.9750   1.7500   0.005000000  -0.741685710
    26   2.5000   0.0300   0.060000   1.4250   1.2500   0.008598240   0.268726247
    27   2.5000   0.0300   0.060000   1.4250   1.2500   0.008598240   0.268726247
    28   2.5000   0.0300   0.060000   1.4250   1.2500   0.008598240   0.268726247
    29   2.5000   0.0300   0.060000   1.4250   1.2500   0.008598240   0.268726247
    30   2.5000   0.0300   0.060000   1.4250   1.2500   0.008598240   0.268726247
    31   2.5000   0.0300   0.060000   1.4250   1.2500   0.008598240   0.268726247
    32   2.5000   0.0300   0.060000   1.4250   1.2500   0.008598240   0.268726247
    33   2.5000   0.0300   0.060000   1.4250   1.2500   0.008598240   0.268726247
    34   2.9000   0.1400  -0.171600   1.7660   1.5600   0.020110767  -0.896042159
    35   3.5500   0.0700   0.085000   2.5000   1.7750   0.001000000  -0.843144165
    36   3.5500   0.0700  -0.115000   2.5000   1.7750   0.001000000  -0.843144165
    37   3.5500   0.0700  -0.115000   2.5000   1.7750   0.001000000  -0.843144165
    38   3.5000   0.0660  -0.065000   1.9750   1.7500   0.005000000  -0.741685710
    39   3.5500   0.0700  -0.115000   2.0020   1.7750   0.001000000  -0.843144165
    40   3.5000   0.0660  -0.065000   1.9750   1.7500   0.005000000  -0.741685710
    41   3.5500   0.0700  -0.115000   2.0020   1.7750   0.001000000  -0.843144165
    42   2.5000   0.0300   0.060000   1.4250   1.2500   0.008598240   0.268726247
    43   2.5000   0.0300   0.060000   1.4250   1.2500   0.008598240   0.268726247
    44   2.5000   0.0300   0.060000   1.4250   1.2500   0.008598240   0.268726247
    45   2.5000   0.0300   0.060000   1.4250   1.2500   0.008598240   0.268726247
    46   2.5000   0.0300   0.060000   1.4250   1.2500   0.008598240   0.268726247
    47   2.5000   0.0300   0.060000   1.4250   1.2500   0.008598240   0.268726247
    48   3.5500   0.0700  -0.115000   2.5000   1.7750   0.001000000  -0.843144165
    49   2.4200   0.0300   0.115000   1.3810   1.2100   0.030040813   0.268726247
    50   2.4200   0.0300   0.115000   1.3810   1.2100   0.030040813   0.268726247
    51   3.5000   0.0660  -0.065000   1.9750   1.7500   0.005000000  -0.741685710
    52   2.5000   0.0300   0.060000   1.4250   1.2500   0.008598240   0.268726247
    53   2.5000   0.0300   0.060000   1.4250   1.2500   0.008598240   0.268726247
    54   2.5000   0.0300   0.060000   1.4250   1.2500   0.008598240   0.268726247
BOND
     1     2   317.000  1.510
     1     3   340.000  1.090
     1     4   340.000  1.090
     1     5   340.000  1.090
    17    19   268.000  1.529
    17    20   268.000  1.529
    17    16   382.000  1.448
    17    21   340.000  1.090
    35    36   469.000  1.400
    35    37   469.000  1.400
    35    34   450.000  1.364
     9     8   317.000  1.510
     9    10   340.000  1.090
     9    11   340.000  1.090
     9    12   340.000  1.090
     8     7   469.000  1.400
     8    13   469.000  1.400
     7     6   469.000  1.400
     7    16   481.000  1.393
     6     2   469.000  1.400
     6    14   367.000  1.080
     2    15   483.000  1.339
    13    15   483.000  1.339
    13    34   450.000  1.364
    36    38   317.000  1.510
    36    39   469.000  1.400
    51    48   317.000  1.510
    51    52   340.000  1.090
    51    53   340.000  1.090
    51    54   340.000  1.090
    38    42   340.000  1.090
    38    43   340.000  1.090
    38    44   340.000  1.090
    40    37   317.000  1.510
    40    45   340.000  1.090
    40    46   340.000  1.090
    40    47   340.000  1.090
    39    48   469.000  1.400
    39    49   367.000  1.080
    48    41   469.000  1.400
    41    37   469.000  1.400
    41    50   367.000  1.080
    22    19   268.000  1.529
    22    28   340.000  1.090
    22    29   340.000  1.090
    22    30   340.000  1.090
    19    23   340.000  1.090
    19    24   340.000  1.090
    20    25   268.000  1.529
    20    26   340.000  1.090
    20    27   340.000  1.090
    25    31   340.000  1.090
    25    32   340.000  1.090
    25    33   340.000  1.090
    16    18   434.000  1.010
THET
     1     2     6    70.00000  120.00000
     1     2    15    75.00000  115.74700
    17    19    22    58.35000  112.70000
    17    19    23    37.50000  110.70000
    17    19    24    37.50000  110.70000
    17    20    25    58.35000  112.70000
    17    20    26    37.50000  110.70000
    17    20    27    37.50000  110.70000
    17    16     7    50.00000  110.00000
    17    16    18    35.00000  112.50000
    35    36    38    70.00000  120.00000
    35    36    39    63.00000  120.00000
    35    37    40    70.00000  120.00000
    35    37    41    63.00000  120.00000
    35    34    13    85.00000  114.70000
     9     8     7    70.00000  120.00000
     9     8    13    70.00000  120.00000
     8     7     6    63.00000  120.00000
     8     7    16    70.00000  120.10000
     8    13    15    70.00000  124.00000
     8    13    34    70.00000  120.00000
     7     6     2    63.00000  120.00000
     7     6    14    35.00000  120.00000
     7    16    18    35.00000  113.50000
     6     2    15    70.00000  124.00000
     2    15    13    70.00000  117.00000
    13     8     7    63.00000  120.00000
    36    38    42    35.00000  109.50000
    36    38    43    35.00000  109.50000
    36    38    44    35.00000  109.50000
    36    39    48    63.00000  120.00000
    36    39    49    35.00000  120.00000
    51    48    39    70.00000  120.00000
    51    48    41    70.00000  120.00000
    40    37    41    70.00000  120.00000
    39    36    38    70.00000  120.00000
    39    48    41    63.00000  120.00000
    48    41    37    63.00000  120.00000
    48    41    50    35.00000  120.00000
    37    35    36    63.00000  120.00000
    22    19    23    37.50000  110.70000
    22    19    24    37.50000  110.70000
    20    17    19    58.35000  112.70000
    20    25    31    37.50000  110.70000
    20    25    32    37.50000  110.70000
    20    25    33    37.50000  110.70000
    16    17    19    80.00000  111.61500
    16    17    20    80.00000  111.61500
    16     7     6    70.00000  120.10000
    34    35    36    70.00000  120.00000
    34    35    37    70.00000  120.00000
    34    13    15    95.00000  115.10700
     3     1     2    35.00000  109.50000
     4     1     2    35.00000  109.50000
     4     1     3    33.00000  107.80000
     5     1     2    35.00000  109.50000
     5     1     3    33.00000  107.80000
     5     1     4    33.00000  107.80000
    21    17    19    37.50000  110.70000
    21    17    20    37.50000  110.70000
    21    17    16    35.00000  109.50000
    10     9     8    35.00000  109.50000
    11     9     8    35.00000  109.50000
    11     9    10    33.00000  107.80000
    12     9     8    35.00000  109.50000
    12     9    10    33.00000  107.80000
    12     9    11    33.00000  107.80000
    14     6     2    35.00000  120.00000
    52    51    48    35.00000  109.50000
    53    51    48    35.00000  109.50000
    53    51    52    33.00000  107.80000
    54    51    48    35.00000  109.50000
    54    51    52    33.00000  107.80000
    54    51    53    33.00000  107.80000
    43    38    42    33.00000  107.80000
    44    38    42    33.00000  107.80000
    44    38    43    33.00000  107.80000
    45    40    37    35.00000  109.50000
    46    40    37    35.00000  109.50000
    46    40    45    33.00000  107.80000
    47    40    37    35.00000  109.50000
    47    40    45    33.00000  107.80000
    47    40    46    33.00000  107.80000
    49    39    48    35.00000  120.00000
    50    41    37    35.00000  120.00000
    28    22    19    37.50000  110.70000
    29    22    19    37.50000  110.70000
    29    22    28    33.00000  107.80000
    30    22    19    37.50000  110.70000
    30    22    28    33.00000  107.80000
    30    22    29    33.00000  107.80000
    24    19    23    33.00000  107.80000
    26    20    25    37.50000  110.70000
    27    20    25    37.50000  110.70000
    27    20    26    33.00000  107.80000
    32    25    31    33.00000  107.80000
    33    25    31    33.00000  107.80000
    33    25    32    33.00000  107.80000
PHI
     1     2    15    13   3.62500 -1.0 2.0
    17    20    25    31   0.15000  1.0 3.0
    17    20    25    32   0.15000  1.0 3.0
    17    20    25    33   0.15000  1.0 3.0
    35    36    38    42   0.00000  1.0 1.0
    35    36    38    43   0.00000  1.0 1.0
    35    36    38    44   0.00000  1.0 1.0
    35    36    39    48   3.62500 -1.0 2.0
    35    36    39    49   3.62500 -1.0 2.0
     9     8     7     6   3.62500 -1.0 2.0
     9     8     7    16   3.62500 -1.0 2.0
     9     8    13    15   3.62500 -1.0 2.0
     9     8    13    34   3.62500 -1.0 2.0
     8     7     6     2   3.62500 -1.0 2.0
     8     7     6    14   3.62500 -1.0 2.0
     8     7    16    17  -1.00000  1.0 1.0
     8     7    16    17   1.25000 -1.0 2.0
     8     7    16    18   1.00000 -1.0 2.0
     8    13   -15     2   3.62500 -1.0 2.0
     8    13    34    35   0.47150 -1.0 2.0
     7     8    13    15   3.62500 -1.0 2.0
     7     8    13    34   3.62500 -1.0 2.0
     7     6     2     1   3.62500 -1.0 2.0
     7     6    -2    15   3.62500 -1.0 2.0
     6     7    16    17  -1.00000  1.0 1.0
     6     7    16    17   1.25000 -1.0 2.0
     6     7    16    18   1.00000 -1.0 2.0
     6     2    15    13   3.62500 -1.0 2.0
    13     8    -7     6   3.62500 -1.0 2.0
    13     8     7    16   3.62500 -1.0 2.0
    36    35    37    40   3.62500 -1.0 2.0
    36    35    37    41   3.62500 -1.0 2.0
    36    35    34    13   0.47150 -1.0 2.0
    36    39    48    51   3.62500 -1.0 2.0
    36    39   -48    41   3.62500 -1.0 2.0
    51    48    41    37   3.62500 -1.0 2.0
    51    48    41    50   3.62500 -1.0 2.0
    38    36    39    48   3.62500 -1.0 2.0
    38    36    39    49   3.62500 -1.0 2.0
    39    36    38    42   0.00000  1.0 1.0
    39    36    38    43   0.00000  1.0 1.0
    39    36    38    44   0.00000  1.0 1.0
    39    48    41    37   3.62500 -1.0 2.0
    39    48    41    50   3.62500 -1.0 2.0
    48    41   -37    35   3.62500 -1.0 2.0
    48    41    37    40   3.62500 -1.0 2.0
    37    35    36    38   3.62500 -1.0 2.0
    37    35   -36    39   3.62500 -1.0 2.0
    37    35    34    13   0.47150 -1.0 2.0
    19    17    20    25   0.56750  1.0 1.0
    19    17    20    25  -0.07550 -1.0 2.0
    19    17    20    25   0.20000  1.0 3.0
    19    17    20    26   0.15000  1.0 3.0
    19    17    20    27   0.15000  1.0 3.0
    19    17    16     7  -0.12500  1.0 1.0
    19    17    16     7  -0.12500 -1.0 2.0
    19    17    16     7   0.25000  1.0 3.0
    19    17    16    18   0.00000  1.0 1.0
    20    17    19    22   0.56750  1.0 1.0
    20    17    19    22  -0.07550 -1.0 2.0
    20    17    19    22   0.20000  1.0 3.0
    20    17    19    23   0.15000  1.0 3.0
    20    17    19    24   0.15000  1.0 3.0
    20    17    16     7  -0.12500  1.0 1.0
    20    17    16     7  -0.12500 -1.0 2.0
    20    17    16     7   0.25000  1.0 3.0
    20    17    16    18   0.00000  1.0 1.0
    16    17    19    22   1.26750  1.0 1.0
    16    17    19    22  -0.00950 -1.0 2.0
    16    17    19    22   0.30600  1.0 3.0
    16    17    19    23   0.22950  1.0 3.0
    16    17    19    24   0.22950  1.0 3.0
    16    17    20    25   1.26750  1.0 1.0
    16    17    20    25  -0.00950 -1.0 2.0
    16    17    20    25   0.30600  1.0 3.0
    16    17    20    26   0.22950  1.0 3.0
    16    17    20    27   0.22950  1.0 3.0
    16     7     6     2   3.62500 -1.0 2.0
    16     7     6    14   3.62500 -1.0 2.0
    15    13    34    35   1.50000 -1.0 2.0
    34    35    36    38   3.62500 -1.0 2.0
    34    35    36    39   3.62500 -1.0 2.0
    34    35    37    40   3.62500 -1.0 2.0
    34    35    37    41   3.62500 -1.0 2.0
    34    13    15     2   3.62500 -1.0 2.0
     3     1     2     6   0.00000  1.0 1.0
     3     1     2    15   0.00000  1.0 1.0
     4     1     2     6   0.00000  1.0 1.0
     4     1     2    15   0.00000  1.0 1.0
     5     1     2     6   0.00000  1.0 1.0
     5     1     2    15   0.00000  1.0 1.0
    21    17    19    22   0.15000  1.0 3.0
    21    17    19    23   0.15000  1.0 3.0
    21    17    19    24   0.15000  1.0 3.0
    21    17    20    25   0.15000  1.0 3.0
    21    17    20    26   0.15000  1.0 3.0
    21    17    20    27   0.15000  1.0 3.0
    21    17    16     7   0.00000  1.0 1.0
    21    17    16    18   0.00000  1.0 1.0
    10     9     8     7   0.00000  1.0 1.0
    10     9     8    13   0.00000  1.0 1.0
    11     9     8     7   0.00000  1.0 1.0
    11     9     8    13   0.00000  1.0 1.0
    12     9     8     7   0.00000  1.0 1.0
    12     9     8    13   0.00000  1.0 1.0
    14     6     2     1   3.62500 -1.0 2.0
    14     6     2    15   3.62500 -1.0 2.0
    52    51    48    39   0.00000  1.0 1.0
    52    51    48    41   0.00000  1.0 1.0
    53    51    48    39   0.00000  1.0 1.0
    53    51    48    41   0.00000  1.0 1.0
    54    51    48    39   0.00000  1.0 1.0
    54    51    48    41   0.00000  1.0 1.0
    45    40    37    35   0.00000  1.0 1.0
    45    40    37    41   0.00000  1.0 1.0
    46    40    37    35   0.00000  1.0 1.0
    46    40    37    41   0.00000  1.0 1.0
    47    40    37    35   0.00000  1.0 1.0
    47    40    37    41   0.00000  1.0 1.0
    49    39    48    51   3.62500 -1.0 2.0
    49    39    48    41   3.62500 -1.0 2.0
    50    41    37    35   3.62500 -1.0 2.0
    50    41    37    40   3.62500 -1.0 2.0
    28    22    19    17   0.15000  1.0 3.0
    28    22    19    23   0.15000  1.0 3.0
    28    22    19    24   0.15000  1.0 3.0
    29    22    19    17   0.15000  1.0 3.0
    29    22    19    23   0.15000  1.0 3.0
    29    22    19    24   0.15000  1.0 3.0
    30    22    19    17   0.15000  1.0 3.0
    30    22    19    23   0.15000  1.0 3.0
    30    22    19    24   0.15000  1.0 3.0
    26    20    25    31   0.15000  1.0 3.0
    26    20    25    32   0.15000  1.0 3.0
    26    20    25    33   0.15000  1.0 3.0
    27    20    25    31   0.15000  1.0 3.0
    27    20    25    32   0.15000  1.0 3.0
    27    20    25    33   0.15000  1.0 3.0
IPHI
    37    34    35    36   4.00000 -1.0 2.0
     7    13     8     9   4.00000 -1.0 2.0
     6    16     7     8   4.00000 -1.0 2.0
     2    14     6     7   1.10000 -1.0 2.0
     6    15     2     1   4.00000 -1.0 2.0
    15    34    13     8   4.00000 -1.0 2.0
    38    39    36    35   4.00000 -1.0 2.0
    48    49    39    36   1.10000 -1.0 2.0
    39    41    48    51   4.00000 -1.0 2.0
    37    50    41    48   1.10000 -1.0 2.0
    40    41    37    35   4.00000 -1.0 2.0
    18     7    16    17   1.00000 -1.0 2.0
END
