* LIGAND DATABASE FILE (OPLS2005)
*
STR      53    56    114    195     347
    1     0 M   CT   _C1_     1   67.044590  108.412290   63.083350
    2     1 M   CT   _C2_     2    1.549960   16.875540  176.966430
    3     1 M   CT   _C10    11    1.552520   99.775510   33.216510
    4     1 M   HC   _H11    24    1.089700  105.138290  -81.390870
    5     1 M   HC   _H12    25    1.091820  124.288490  156.464700
    6     2 M   CO4  _C3_     3    1.525110  109.545040  -93.149710
    7     2 M   HC   _H21    26    1.087870  110.764400  145.595630
    8     2 M   HC   _H22    27    1.088350  109.389820   26.946580
    9     6 M   O    _O3_     4    1.244010  119.455370 -150.233950
   10     6 M   CM   _C4_     5    1.455740  120.022410   33.620380
   11    10 M   CM   _C5_     6    1.321150  121.685490   -4.211100
   12    10 M   HC   _H4_    28    1.080100  117.380320  171.376610
   13    11 M   CT   _C6_     7    1.523580  118.663200  175.551460
   14    13 M   CT   _C7_     8    1.540530  112.392150  133.806810
   15    13 M   HC   _H61    29    1.091250  111.280540   10.064450
   16    13 M   HC   _H62    30    1.090720  107.745840 -105.963210
   17    14 M   CT   _C8_     9    1.551730  113.347510   50.480810
   18    14 M   HC   _H71    31    1.091560  108.748400  -71.574710
   19    14 M   HC   _H72    32    1.089690  108.680700  173.371350
   20    17 M   CT   _C9_    10    1.562950  108.280710  -58.006550
   21    17 M   CT   _C14    15    1.533310  109.803330 -175.717650
   22    17 M   HC   _H8_    33    1.087530  109.266100   63.609670
   23    20 M   CT   _C11    12    1.551580  111.332240 -173.289950
   24    20 M   HC   _H9_    34    1.092650  106.881770  -57.222150
   25     3 M   CT   _C19    20    1.575340  111.167410  -62.067400
   26    23 M   CT   _C12    13    1.553980  112.207880   53.592490
   27    23 M   HC   H111    35    1.087290  110.774240  -69.243010
   28    23 M   HC   H112    36    1.081960  110.649730  173.558380
   29    26 M   CT   _C13    14    1.545470  111.195280  -56.676300
   30    26 M   HC   H121    37    1.078760  110.169530  179.799230
   31    26 M   HC   H122    38    1.089420  109.366750   64.177310
   32    29 M   CT   _C17    18    1.563260  115.903890  166.569630
   33    29 M   CT   _C18    19    1.570640  112.669370  -66.033280
   34    21 M   CT   _C15    16    1.549240  117.554220  -59.443770
   35    21 M   HC   _H14    39    1.093580  107.309550   60.034350
   36    34 M   CT   _C16    17    1.571770  102.575880 -163.747810
   37    34 M   HC   H151    40    1.089670  112.088480   75.576820
   38    34 M   HC   H152    41    1.090740  111.097720  -45.137900
   39    36 M   HC   H161    42    1.089610  110.985460 -106.740210
   40    36 M   HC   H162    43    1.090840  108.857370  135.436510
   41    32 M   HC   _H17    44    1.091310  107.711200  -37.662130
   42    33 M   HC   H181    45    1.086590  112.135220 -177.396990
   43    33 M   HC   H182    46    1.090310  111.213430  -57.544290
   44    33 M   HC   H183    47    1.088760  112.765430   61.750080
   45    25 M   HC   H191    48    1.088490  113.002820 -174.534060
   46    25 M   HC   H192    49    1.089970  112.539250  -51.716230
   47    25 M   HC   H193    50    1.080460  108.568830   67.560770
   48    32 S   CO4  _C20    21    1.537840  114.969200   80.957550
   49    48 S   O    _O20    22    1.213110  120.223930  111.204190
   50    48 S   CT   _C21    23    1.489720  119.486890  -69.238840
   51    50 S   HC   H211    51    1.089390  110.001810 -125.305640
   52    50 S   HC   H212    52    1.089350  111.536080   -5.443090
   53    50 S   HC   H213    53    1.088990  109.812510  115.690420
  19  12  25   7   6   7   3   2   3   8  15   1  10  13   4   3  19
   4   3  16  21   5  10   4   3  15   4   3  18   3   2  18   8
   8   3   8   3   2   3   2   3   2   1   1   2   1   1   5   4
   3   2   1   1
     2     6     9    10    11    13    17    20     3    23    25     4     5     7     8    24    45    46    47
     4     5     6     9    10    11    20     3    25     7     8    12
     4     5     7     8     6    10    12    11    13    15    16    14    17    22    20    24    23    26    21    25    27    28    45    46    47
     5     7     8     6    11    20    25
     7     8     6    11    20    25
     7     8     9    10    11    13    12
     8     9    10
     9    10
    10    11    12
    11    13    14    20    25    12    15    16
    12    13    14    17    20    23    25    15    16    18    19    24    45    46    47
    13
    14    17    20    21    25    15    16    18    19    22
    15    16    17    20    23    29    21    34    18    19    22    24    35
    16    18    19    17
    18    19    17
    18    19    20    23    26    29    21    34    36    32    33    25    22    24    27    28    35    37    38
    19    22    20    21
    22    20    21
    22    23    26    29    21    34    25    24    27    28    30    31    35    45    46    47
    22    24    23    26    30    31    29    34    36    32    33    48    35    37    38    39    40    41    42    43    44
    24    35    23    29    34
    24    26    29    32    33    25    27    28    30    31
    27    28    26    25
    45    46    47
    27    28    29    34    36    32    33    48    30    31    35    41    42    43    44
    28    30    31    29
    30    31    29
    30    31    34    36    32    33    48    49    50    35    37    38    39    40    41    42    43    44
    31    33    32
    33    32
    35    33    42    43    44    34    37    38    36    39    40    48    49    50    41    51    52    53
    35    48    41    42    43    44    34    36
    35    36    48    37    38    39    40    41
    37    38    36
    37    38    48    49    50    39    40    41
    38    39    40
    39    40
    40    41    48
    41    48
    48    49    50
    43    44
    44
     0
    46    47
    47
     0
    49    50    51    52    53
    50    51    52    53
    51    52    53
    52    53
    53
     0
NBON
     1   3.5000   0.0660  -0.120000   1.9750   1.7500   0.005000000  -0.741685710
     2   3.5000   0.0660  -0.120000   1.9750   1.7500   0.005000000  -0.741685710
     3   3.5000   0.0660   0.000000   1.9750   1.7500   0.005000000  -0.741685710
     4   2.5000   0.0300   0.060000   1.4250   1.2500   0.008598240   0.268726247
     5   2.5000   0.0300   0.060000   1.4250   1.2500   0.008598240   0.268726247
     6   3.7500   0.1050   0.470000   2.1120   1.8750   0.001000000  -0.126889456
     7   2.4200   0.0150   0.060000   1.4250   1.2500   0.008598240   0.268726247
     8   2.4200   0.0150   0.060000   1.4250   1.2500   0.008598240   0.268726247
     9   2.9600   0.2100  -0.470000   1.6780   1.4800   0.001000000  -0.126889456
    10   3.5500   0.0760  -0.115000   2.0020   1.7750   0.023028004  -0.852763146
    11   3.5500   0.0760   0.000000   2.0020   1.7750   0.023028004  -0.852763146
    12   2.4200   0.0300   0.115000   1.4250   1.2500   0.008598240   0.268726247
    13   3.5000   0.0660  -0.120000   1.9750   1.7500   0.005000000  -0.741685710
    14   3.5000   0.0660  -0.120000   1.9750   1.7500   0.005000000  -0.741685710
    15   2.5000   0.0300   0.060000   1.4250   1.2500   0.008598240   0.268726247
    16   2.5000   0.0300   0.060000   1.4250   1.2500   0.008598240   0.268726247
    17   3.5000   0.0660  -0.060000   1.9750   1.7500   0.005000000  -0.741685710
    18   2.5000   0.0300   0.060000   1.4250   1.2500   0.008598240   0.268726247
    19   2.5000   0.0300   0.060000   1.4250   1.2500   0.008598240   0.268726247
    20   3.5000   0.0660  -0.060000   1.9750   1.7500   0.005000000  -0.741685710
    21   3.5000   0.0660  -0.060000   1.9750   1.7500   0.005000000  -0.741685710
    22   2.5000   0.0300   0.060000   1.4250   1.2500   0.008598240   0.268726247
    23   3.5000   0.0660  -0.120000   1.9750   1.7500   0.005000000  -0.741685710
    24   2.5000   0.0300   0.060000   1.4250   1.2500   0.008598240   0.268726247
    25   3.5000   0.0660  -0.180000   1.9750   1.7500   0.005000000  -0.741685710
    26   3.5000   0.0660  -0.120000   1.9750   1.7500   0.005000000  -0.741685710
    27   2.5000   0.0300   0.060000   1.4250   1.2500   0.008598240   0.268726247
    28   2.5000   0.0300   0.060000   1.4250   1.2500   0.008598240   0.268726247
    29   3.5000   0.0660   0.000000   1.9750   1.7500   0.005000000  -0.741685710
    30   2.5000   0.0300   0.060000   1.4250   1.2500   0.008598240   0.268726247
    31   2.5000   0.0300   0.060000   1.4250   1.2500   0.008598240   0.268726247
    32   3.5000   0.0660  -0.060000   1.9750   1.7500   0.005000000  -0.741685710
    33   3.5000   0.0660  -0.180000   1.9750   1.7500   0.005000000  -0.741685710
    34   3.5000   0.0660  -0.120000   1.9750   1.7500   0.005000000  -0.741685710
    35   2.5000   0.0300   0.060000   1.4250   1.2500   0.008598240   0.268726247
    36   3.5000   0.0660  -0.120000   1.9750   1.7500   0.005000000  -0.741685710
    37   2.5000   0.0300   0.060000   1.4250   1.2500   0.008598240   0.268726247
    38   2.5000   0.0300   0.060000   1.4250   1.2500   0.008598240   0.268726247
    39   2.5000   0.0300   0.060000   1.4250   1.2500   0.008598240   0.268726247
    40   2.5000   0.0300   0.060000   1.4250   1.2500   0.008598240   0.268726247
    41   2.4200   0.0150   0.060000   1.4250   1.2500   0.008598240   0.268726247
    42   2.5000   0.0300   0.060000   1.4250   1.2500   0.008598240   0.268726247
    43   2.5000   0.0300   0.060000   1.4250   1.2500   0.008598240   0.268726247
    44   2.5000   0.0300   0.060000   1.4250   1.2500   0.008598240   0.268726247
    45   2.5000   0.0300   0.060000   1.4250   1.2500   0.008598240   0.268726247
    46   2.5000   0.0300   0.060000   1.4250   1.2500   0.008598240   0.268726247
    47   2.5000   0.0300   0.060000   1.4250   1.2500   0.008598240   0.268726247
    48   3.7500   0.1050   0.470000   2.1120   1.8750   0.001000000  -0.126889456
    49   2.9600   0.2100  -0.470000   1.6780   1.4800   0.001000000  -0.126889456
    50   3.5000   0.0660  -0.180000   1.9750   1.7500   0.005000000  -0.741685710
    51   2.4200   0.0150   0.060000   1.4250   1.2500   0.008598240   0.268726247
    52   2.4200   0.0150   0.060000   1.4250   1.2500   0.008598240   0.268726247
    53   2.4200   0.0150   0.060000   1.4250   1.2500   0.008598240   0.268726247
BOND
     1     2   268.000  1.529
     1     3   268.000  1.529
     1     4   340.000  1.090
     1     5   340.000  1.090
     2     6   317.000  1.522
     2     7   340.000  1.090
     2     8   340.000  1.090
     6     9   570.000  1.229
     6    10   320.000  1.462
    10    11   549.000  1.340
    10    12   340.000  1.080
    11    13   317.000  1.510
    11     3   317.000  1.510
    13    14   268.000  1.529
    13    15   340.000  1.090
    13    16   340.000  1.090
    14    17   268.000  1.529
    14    18   340.000  1.090
    14    19   340.000  1.090
    17    20   268.000  1.529
    17    21   268.000  1.529
    17    22   340.000  1.090
    20     3   268.000  1.529
    20    23   268.000  1.529
    20    24   340.000  1.090
     3    25   268.000  1.529
    23    26   268.000  1.529
    23    27   340.000  1.090
    23    28   340.000  1.090
    26    29   268.000  1.529
    26    30   340.000  1.090
    26    31   340.000  1.090
    29    21   268.000  1.529
    29    32   268.000  1.529
    29    33   268.000  1.529
    21    34   268.000  1.529
    21    35   340.000  1.090
    34    36   268.000  1.529
    34    37   340.000  1.090
    34    38   340.000  1.090
    36    32   268.000  1.529
    36    39   340.000  1.090
    36    40   340.000  1.090
    32    48   317.000  1.522
    32    41   340.000  1.090
    33    42   340.000  1.090
    33    43   340.000  1.090
    33    44   340.000  1.090
    25    45   340.000  1.090
    25    46   340.000  1.090
    25    47   340.000  1.090
    48    49   570.000  1.229
    48    50   317.000  1.522
    50    51   340.000  1.090
    50    52   340.000  1.090
    50    53   340.000  1.090
THET
     1     2     6    63.00000  111.10000
     1     2     7    37.50000  110.70000
     1     2     8    37.50000  110.70000
     1     3    11    70.00000  112.02700
     1     3    20    58.35000  112.70000
     1     3    25    58.35000  112.70000
     2     6     9    80.00000  120.40000
     2     6    10    65.00000  118.62400
     6    10    11    65.00000  118.96000
     6    10    12    40.00000  117.72500
    10     6     9    80.00000  123.72100
    10    11    13    70.00000  124.00000
    10    11     3    70.00000  124.00000
    11    13    14    70.00000  112.02700
    11    13    15    35.00000  109.50000
    11    13    16    35.00000  109.50000
    11     3    20    70.00000  112.02700
    11     3    25    70.00000  112.02700
    13    14    17    58.35000  112.70000
    13    14    18    37.50000  110.70000
    13    14    19    37.50000  110.70000
    14    17    20    58.35000  112.70000
    14    17    21    58.35000  112.70000
    14    17    22    37.50000  110.70000
    17    20     3    58.35000  112.70000
    17    20    23    58.35000  112.70000
    17    20    24    37.50000  110.70000
    17    21    29    58.35000  112.70000
    17    21    34    58.35000  112.70000
    17    21    35    37.50000  110.70000
    20     3    25    58.35000  112.70000
    20    23    26    58.35000  112.70000
    20    23    27    37.50000  110.70000
    20    23    28    37.50000  110.70000
     3     1     2    58.35000  112.70000
     3    11    13    65.00000  117.92700
     3    25    45    37.50000  110.70000
     3    25    46    37.50000  110.70000
     3    25    47    37.50000  110.70000
    23    20     3    58.35000  112.70000
    23    26    29    58.35000  112.70000
    23    26    30    37.50000  110.70000
    23    26    31    37.50000  110.70000
    26    29    21    58.35000  112.70000
    26    29    32    58.35000  112.70000
    26    29    33    58.35000  112.70000
    29    21    34    58.35000  112.70000
    29    21    35    37.50000  110.70000
    29    32    36    58.35000  112.70000
    29    32    48    63.00000  111.10000
    29    32    41    37.50000  110.70000
    29    33    42    37.50000  110.70000
    29    33    43    37.50000  110.70000
    29    33    44    37.50000  110.70000
    21    17    20    58.35000  112.70000
    21    34    36    58.35000  112.70000
    21    34    37    37.50000  110.70000
    21    34    38    37.50000  110.70000
    34    36    32    58.35000  112.70000
    34    36    39    37.50000  110.70000
    34    36    40    37.50000  110.70000
    36    32    48    63.00000  111.10000
    36    32    41    37.50000  110.70000
    32    29    21    58.35000  112.70000
    32    48    49    80.00000  120.40000
    32    48    50    70.00000  116.00000
    33    29    21    58.35000  112.70000
    33    29    32    58.35000  112.70000
    48    50    51    35.00000  109.50000
    48    50    52    35.00000  109.50000
    48    50    53    35.00000  109.50000
    50    48    49    80.00000  120.40000
     4     1     2    37.50000  110.70000
     4     1     3    37.50000  110.70000
     5     1     2    37.50000  110.70000
     5     1     3    37.50000  110.70000
     5     1     4    33.00000  107.80000
     7     2     6    35.00000  109.50000
     8     2     6    35.00000  109.50000
     8     2     7    33.00000  107.80000
    12    10    11    35.00000  120.00000
    15    13    14    37.50000  110.70000
    16    13    14    37.50000  110.70000
    16    13    15    33.00000  107.80000
    18    14    17    37.50000  110.70000
    19    14    17    37.50000  110.70000
    19    14    18    33.00000  107.80000
    22    17    20    37.50000  110.70000
    22    17    21    37.50000  110.70000
    24    20     3    37.50000  110.70000
    24    20    23    37.50000  110.70000
    27    23    26    37.50000  110.70000
    28    23    26    37.50000  110.70000
    28    23    27    33.00000  107.80000
    30    26    29    37.50000  110.70000
    31    26    29    37.50000  110.70000
    31    26    30    33.00000  107.80000
    35    21    34    37.50000  110.70000
    37    34    36    37.50000  110.70000
    38    34    36    37.50000  110.70000
    38    34    37    33.00000  107.80000
    39    36    32    37.50000  110.70000
    40    36    32    37.50000  110.70000
    40    36    39    33.00000  107.80000
    41    32    48    35.00000  109.50000
    43    33    42    33.00000  107.80000
    44    33    42    33.00000  107.80000
    44    33    43    33.00000  107.80000
    46    25    45    33.00000  107.80000
    47    25    45    33.00000  107.80000
    47    25    46    33.00000  107.80000
    52    50    51    33.00000  107.80000
    53    50    51    33.00000  107.80000
    53    50    52    33.00000  107.80000
PHI
     1     2     6     9   0.30150 -1.0 2.0
     1     2     6    10   0.65300  1.0 1.0
     1     2     6    10  -0.03850 -1.0 2.0
     1     2     6    10   0.33900  1.0 3.0
     1     3    25    45   0.15000  1.0 3.0
     1     3    25    46   0.15000  1.0 3.0
     1     3    25    47   0.15000  1.0 3.0
     2     1     3    11   0.34400  1.0 1.0
     2     1     3    11   0.09450 -1.0 2.0
     2     1     3    11   0.11100  1.0 3.0
     2     1     3    20   0.56750  1.0 1.0
     2     1     3    20  -0.07550 -1.0 2.0
     2     1     3    20   0.20000  1.0 3.0
     2     1     3    25   0.56750  1.0 1.0
     2     1     3    25  -0.07550 -1.0 2.0
     2     1     3    25   0.20000  1.0 3.0
     2     6   -10    11  -0.33500  1.0 1.0
     2     6   -10    11   1.06600 -1.0 2.0
     2     6   -10    11  -0.14000  1.0 3.0
     2     6    10    12   0.04550  1.0 1.0
     2     6    10    12   1.00000 -1.0 2.0
     2     6    10    12  -0.04000  1.0 3.0
     6    10    11    13   7.00000 -1.0 2.0
     6    10    11     3   7.00000 -1.0 2.0
     9     6    10    11   1.00000 -1.0 2.0
     9     6    10    12   1.00000 -1.0 2.0
    10    11    13    14   0.09850  1.0 1.0
    10    11    13    14   0.15250 -1.0 2.0
    10    11    13    14  -0.50650  1.0 3.0
    10    11    13    15   0.00000  1.0 1.0
    10    11    13    16   0.00000  1.0 1.0
    10    11    -3     1   0.09850  1.0 1.0
    10    11    -3     1   0.15250 -1.0 2.0
    10    11    -3     1  -0.50650  1.0 3.0
    10    11     3    20   0.09850  1.0 1.0
    10    11     3    20   0.15250 -1.0 2.0
    10    11     3    20  -0.50650  1.0 3.0
    10    11     3    25   0.09850  1.0 1.0
    10    11     3    25   0.15250 -1.0 2.0
    10    11     3    25  -0.50650  1.0 3.0
    11    13    14    17   0.34400  1.0 1.0
    11    13    14    17   0.09450 -1.0 2.0
    11    13    14    17   0.11100  1.0 3.0
    11    13    14    18   0.15000  1.0 3.0
    11    13    14    19   0.15000  1.0 3.0
    11     3    25    45   0.15000  1.0 3.0
    11     3    25    46   0.15000  1.0 3.0
    11     3    25    47   0.15000  1.0 3.0
    13    11     3     1   0.46850  1.0 1.0
    13    11     3     1   0.08550 -1.0 2.0
    13    11     3     1   0.09800  1.0 3.0
    13    11     3    20   0.46850  1.0 1.0
    13    11     3    20   0.08550 -1.0 2.0
    13    11     3    20   0.09800  1.0 3.0
    13    11     3    25   0.46850  1.0 1.0
    13    11     3    25   0.08550 -1.0 2.0
    13    11     3    25   0.09800  1.0 3.0
    13    14   -17    20   0.56750  1.0 1.0
    13    14   -17    20  -0.07550 -1.0 2.0
    13    14   -17    20   0.20000  1.0 3.0
    13    14    17    21   0.56750  1.0 1.0
    13    14    17    21  -0.07550 -1.0 2.0
    13    14    17    21   0.20000  1.0 3.0
    13    14    17    22   0.15000  1.0 3.0
    14    17    20     3   0.56750  1.0 1.0
    14    17    20     3  -0.07550 -1.0 2.0
    14    17    20     3   0.20000  1.0 3.0
    14    17    20    23   0.56750  1.0 1.0
    14    17    20    23  -0.07550 -1.0 2.0
    14    17    20    23   0.20000  1.0 3.0
    14    17    20    24   0.15000  1.0 3.0
    14    17    21    29   0.56750  1.0 1.0
    14    17    21    29  -0.07550 -1.0 2.0
    14    17    21    29   0.20000  1.0 3.0
    14    17    21    34   0.56750  1.0 1.0
    14    17    21    34  -0.07550 -1.0 2.0
    14    17    21    34   0.20000  1.0 3.0
    14    17    21    35   0.15000  1.0 3.0
    17    20     3     1   0.56750  1.0 1.0
    17    20     3     1  -0.07550 -1.0 2.0
    17    20     3     1   0.20000  1.0 3.0
    17    20    -3    11   0.34400  1.0 1.0
    17    20    -3    11   0.09450 -1.0 2.0
    17    20    -3    11   0.11100  1.0 3.0
    17    20     3    25   0.56750  1.0 1.0
    17    20     3    25  -0.07550 -1.0 2.0
    17    20     3    25   0.20000  1.0 3.0
    17    20    23    26   0.56750  1.0 1.0
    17    20    23    26  -0.07550 -1.0 2.0
    17    20    23    26   0.20000  1.0 3.0
    17    20    23    27   0.15000  1.0 3.0
    17    20    23    28   0.15000  1.0 3.0
    17    21    34    36   0.56750  1.0 1.0
    17    21    34    36  -0.07550 -1.0 2.0
    17    21    34    36   0.20000  1.0 3.0
    17    21    34    37   0.15000  1.0 3.0
    17    21    34    38   0.15000  1.0 3.0
    20    17    21    29   0.56750  1.0 1.0
    20    17    21    29  -0.07550 -1.0 2.0
    20    17    21    29   0.20000  1.0 3.0
    20    17    21    34   0.56750  1.0 1.0
    20    17    21    34  -0.07550 -1.0 2.0
    20    17    21    34   0.20000  1.0 3.0
    20    17    21    35   0.15000  1.0 3.0
    20     3    25    45   0.15000  1.0 3.0
    20     3    25    46   0.15000  1.0 3.0
    20     3    25    47   0.15000  1.0 3.0
    20    23   -26    29   0.56750  1.0 1.0
    20    23   -26    29  -0.07550 -1.0 2.0
    20    23   -26    29   0.20000  1.0 3.0
    20    23    26    30   0.15000  1.0 3.0
    20    23    26    31   0.15000  1.0 3.0
     3     1    -2     6  -0.95700  1.0 1.0
     3     1    -2     6  -0.18200 -1.0 2.0
     3     1    -2     6   0.29450  1.0 3.0
     3     1     2     7   0.15000  1.0 3.0
     3     1     2     8   0.15000  1.0 3.0
     3    11   -13    14   0.46850  1.0 1.0
     3    11   -13    14   0.08550 -1.0 2.0
     3    11   -13    14   0.09800  1.0 3.0
     3    11    13    15   0.34800  1.0 3.0
     3    11    13    16   0.34800  1.0 3.0
     3    20    23    26   0.56750  1.0 1.0
     3    20    23    26  -0.07550 -1.0 2.0
     3    20    23    26   0.20000  1.0 3.0
     3    20    23    27   0.15000  1.0 3.0
     3    20    23    28   0.15000  1.0 3.0
    23    20     3     1   0.56750  1.0 1.0
    23    20     3     1  -0.07550 -1.0 2.0
    23    20     3     1   0.20000  1.0 3.0
    23    20     3    11   0.34400  1.0 1.0
    23    20     3    11   0.09450 -1.0 2.0
    23    20     3    11   0.11100  1.0 3.0
    23    20     3    25   0.56750  1.0 1.0
    23    20     3    25  -0.07550 -1.0 2.0
    23    20     3    25   0.20000  1.0 3.0
    23    26    29    21   0.56750  1.0 1.0
    23    26    29    21  -0.07550 -1.0 2.0
    23    26    29    21   0.20000  1.0 3.0
    23    26    29    32   0.56750  1.0 1.0
    23    26    29    32  -0.07550 -1.0 2.0
    23    26    29    32   0.20000  1.0 3.0
    23    26    29    33   0.56750  1.0 1.0
    23    26    29    33  -0.07550 -1.0 2.0
    23    26    29    33   0.20000  1.0 3.0
    26    29   -21    17   0.56750  1.0 1.0
    26    29   -21    17  -0.07550 -1.0 2.0
    26    29   -21    17   0.20000  1.0 3.0
    26    29    21    34   0.56750  1.0 1.0
    26    29    21    34  -0.07550 -1.0 2.0
    26    29    21    34   0.20000  1.0 3.0
    26    29    21    35   0.15000  1.0 3.0
    26    29    32    36   0.56750  1.0 1.0
    26    29    32    36  -0.07550 -1.0 2.0
    26    29    32    36   0.20000  1.0 3.0
    26    29    32    48  -0.95700  1.0 1.0
    26    29    32    48  -0.18200 -1.0 2.0
    26    29    32    48   0.29450  1.0 3.0
    26    29    32    41   0.15000  1.0 3.0
    26    29    33    42   0.15000  1.0 3.0
    26    29    33    43   0.15000  1.0 3.0
    26    29    33    44   0.15000  1.0 3.0
    29    21   -34    36   0.56750  1.0 1.0
    29    21   -34    36  -0.07550 -1.0 2.0
    29    21   -34    36   0.20000  1.0 3.0
    29    21    34    37   0.15000  1.0 3.0
    29    21    34    38   0.15000  1.0 3.0
    29    32    48    49   0.30150 -1.0 2.0
    29    32    48    50   0.60050  1.0 1.0
    29    32    48    50   0.05600 -1.0 2.0
    29    32    48    50   0.26150  1.0 3.0
    21    17    20     3   0.56750  1.0 1.0
    21    17    20     3  -0.07550 -1.0 2.0
    21    17    20     3   0.20000  1.0 3.0
    21    17   -20    23   0.56750  1.0 1.0
    21    17   -20    23  -0.07550 -1.0 2.0
    21    17   -20    23   0.20000  1.0 3.0
    21    17    20    24   0.15000  1.0 3.0
    21    29   -32    36   0.56750  1.0 1.0
    21    29   -32    36  -0.07550 -1.0 2.0
    21    29   -32    36   0.20000  1.0 3.0
    21    29    32    48  -0.95700  1.0 1.0
    21    29    32    48  -0.18200 -1.0 2.0
    21    29    32    48   0.29450  1.0 3.0
    21    29    32    41   0.15000  1.0 3.0
    21    29    33    42   0.15000  1.0 3.0
    21    29    33    43   0.15000  1.0 3.0
    21    29    33    44   0.15000  1.0 3.0
    21    34   -36    32   0.56750  1.0 1.0
    21    34   -36    32  -0.07550 -1.0 2.0
    21    34   -36    32   0.20000  1.0 3.0
    21    34    36    39   0.15000  1.0 3.0
    21    34    36    40   0.15000  1.0 3.0
    34    36   -32    29   0.56750  1.0 1.0
    34    36   -32    29  -0.07550 -1.0 2.0
    34    36   -32    29   0.20000  1.0 3.0
    34    36    32    48  -0.95700  1.0 1.0
    34    36    32    48  -0.18200 -1.0 2.0
    34    36    32    48   0.29450  1.0 3.0
    34    36    32    41   0.15000  1.0 3.0
    36    32    48    49   0.30150 -1.0 2.0
    36    32    48    50   0.60050  1.0 1.0
    36    32    48    50   0.05600 -1.0 2.0
    36    32    48    50   0.26150  1.0 3.0
    32    29    21    17   0.56750  1.0 1.0
    32    29    21    17  -0.07550 -1.0 2.0
    32    29    21    17   0.20000  1.0 3.0
    32    29   -21    34   0.56750  1.0 1.0
    32    29   -21    34  -0.07550 -1.0 2.0
    32    29   -21    34   0.20000  1.0 3.0
    32    29    21    35   0.15000  1.0 3.0
    32    29    33    42   0.15000  1.0 3.0
    32    29    33    43   0.15000  1.0 3.0
    32    29    33    44   0.15000  1.0 3.0
    32    48    50    51   0.00000  1.0 1.0
    32    48    50    52   0.00000  1.0 1.0
    32    48    50    53   0.00000  1.0 1.0
    33    29    21    17   0.56750  1.0 1.0
    33    29    21    17  -0.07550 -1.0 2.0
    33    29    21    17   0.20000  1.0 3.0
    33    29    21    34   0.56750  1.0 1.0
    33    29    21    34  -0.07550 -1.0 2.0
    33    29    21    34   0.20000  1.0 3.0
    33    29    21    35   0.15000  1.0 3.0
    33    29    32    36   0.56750  1.0 1.0
    33    29    32    36  -0.07550 -1.0 2.0
    33    29    32    36   0.20000  1.0 3.0
    33    29    32    48  -0.95700  1.0 1.0
    33    29    32    48  -0.18200 -1.0 2.0
    33    29    32    48   0.29450  1.0 3.0
    33    29    32    41   0.15000  1.0 3.0
    49    48    50    51   0.00000  1.0 1.0
    49    48    50    52   0.00000  1.0 1.0
    49    48    50    53   0.00000  1.0 1.0
     4     1     2     6  -0.11250  1.0 3.0
     4     1     2     7   0.15000  1.0 3.0
     4     1     2     8   0.15000  1.0 3.0
     4     1     3    11   0.15000  1.0 3.0
     4     1     3    20   0.15000  1.0 3.0
     4     1     3    25   0.15000  1.0 3.0
     5     1     2     6  -0.11250  1.0 3.0
     5     1     2     7   0.15000  1.0 3.0
     5     1     2     8   0.15000  1.0 3.0
     5     1     3    11   0.15000  1.0 3.0
     5     1     3    20   0.15000  1.0 3.0
     5     1     3    25   0.15000  1.0 3.0
     7     2     6     9   0.00000  1.0 1.0
     7     2     6    10   0.00000  1.0 1.0
     8     2     6     9   0.00000  1.0 1.0
     8     2     6    10   0.00000  1.0 1.0
    12    10    11    13   7.00000 -1.0 2.0
    12    10    11     3   7.00000 -1.0 2.0
    15    13    14    17   0.15000  1.0 3.0
    15    13    14    18   0.15000  1.0 3.0
    15    13    14    19   0.15000  1.0 3.0
    16    13    14    17   0.15000  1.0 3.0
    16    13    14    18   0.15000  1.0 3.0
    16    13    14    19   0.15000  1.0 3.0
    18    14    17    20   0.15000  1.0 3.0
    18    14    17    21   0.15000  1.0 3.0
    18    14    17    22   0.15000  1.0 3.0
    19    14    17    20   0.15000  1.0 3.0
    19    14    17    21   0.15000  1.0 3.0
    19    14    17    22   0.15000  1.0 3.0
    22    17    20     3   0.15000  1.0 3.0
    22    17    20    23   0.15000  1.0 3.0
    22    17    20    24   0.15000  1.0 3.0
    22    17    21    29   0.15000  1.0 3.0
    22    17    21    34   0.15000  1.0 3.0
    22    17    21    35   0.15000  1.0 3.0
    24    20     3     1   0.15000  1.0 3.0
    24    20     3    11   0.15000  1.0 3.0
    24    20     3    25   0.15000  1.0 3.0
    24    20    23    26   0.15000  1.0 3.0
    24    20    23    27   0.15000  1.0 3.0
    24    20    23    28   0.15000  1.0 3.0
    27    23    26    29   0.15000  1.0 3.0
    27    23    26    30   0.15000  1.0 3.0
    27    23    26    31   0.15000  1.0 3.0
    28    23    26    29   0.15000  1.0 3.0
    28    23    26    30   0.15000  1.0 3.0
    28    23    26    31   0.15000  1.0 3.0
    30    26    29    21   0.15000  1.0 3.0
    30    26    29    32   0.15000  1.0 3.0
    30    26    29    33   0.15000  1.0 3.0
    31    26    29    21   0.15000  1.0 3.0
    31    26    29    32   0.15000  1.0 3.0
    31    26    29    33   0.15000  1.0 3.0
    35    21    34    36   0.15000  1.0 3.0
    35    21    34    37   0.15000  1.0 3.0
    35    21    34    38   0.15000  1.0 3.0
    37    34    36    32   0.15000  1.0 3.0
    37    34    36    39   0.15000  1.0 3.0
    37    34    36    40   0.15000  1.0 3.0
    38    34    36    32   0.15000  1.0 3.0
    38    34    36    39   0.15000  1.0 3.0
    38    34    36    40   0.15000  1.0 3.0
    39    36    32    29   0.15000  1.0 3.0
    39    36    32    48  -0.11250  1.0 3.0
    39    36    32    41   0.15000  1.0 3.0
    40    36    32    29   0.15000  1.0 3.0
    40    36    32    48  -0.11250  1.0 3.0
    40    36    32    41   0.15000  1.0 3.0
    41    32    48    49   0.00000  1.0 1.0
    41    32    48    50   0.00000  1.0 1.0
IPHI
     2    10     6     9  10.50000 -1.0 2.0
     6    12    10    11   1.10000 -1.0 2.0
    13     3    11    10   1.10000 -1.0 2.0
    32    50    48    49  10.50000 -1.0 2.0
END
